                                          

Sample,aX,aY,az,Temp,gX,gY,gz
1,-996,16084,-2380,-1840,293,-124,-57
2,-1076,16056,-2320,-1792,280,-121,-26
3,-1200,16296,-2396,-1824,257,-152,-28
4,-1164,16200,-2232,-1824,277,-143,-42
5,-1000,16064,-2352,-1808,241,-158,-57
6,-1164,16228,-2256,-1808,268,-163,7
7,-1144,16336,-2480,-1824,264,-159,-54
8,-1176,16156,-2180,-1792,258,-156,-33
9,-1116,16172,-2384,-1840,324,-189,-48
10,-1160,16120,-2368,-1808,201,-157,26
11,-1148,16288,-2332,-1808,322,-137,-50
12,-1200,16124,-2340,-1824,233,-185,-53
13,-1092,16104,-2436,-1808,295,-130,-51
14,-1128,16236,-2308,-1808,223,-186,-20
15,-1116,16016,-2488,-1856,314,-128,-84
16,-1212,16120,-2380,-1808,254,-185,-34
17,-1248,16256,-2612,-1808,271,-114,-24
18,-1156,16236,-2376,-1792,321,-161,-42
19,-1144,16232,-2328,-1824,239,-167,-51
20,-1264,16208,-2488,-1840,322,-59,-22
21,-1096,16236,-2412,-1808,177,-196,1
22,-1144,16180,-2348,-1808,365,-78,-82
23,-1152,16184,-2296,-1808,287,-168,-37
24,-1112,16088,-2440,-1824,234,-150,-24
25,-1080,16160,-2392,-1808,297,-114,-38
26,-1204,16144,-2256,-1840,228,-162,-30
27,-1260,16200,-2444,-1824,350,-138,-80
28,-1148,16192,-2484,-1840,217,-136,-32
29,-1164,16268,-2352,-1840,281,-124,-11
30,-1108,16308,-2452,-1824,277,-107,-74
31,-1084,16172,-2268,-1840,191,-211,-42
32,-1132,15968,-2320,-1840,367,-66,-12
33,-1236,16076,-2456,-1856,222,-173,-20
34,-1248,16224,-2440,-1792,274,-157,-52
35,-1168,16092,-2336,-1808,312,-113,-55
36,-1152,16208,-2336,-1792,242,-180,-10
37,-1116,16264,-2284,-1824,309,-175,-55
38,-1112,16288,-2600,-1808,270,-172,-62
39,-1172,16212,-2344,-1824,253,-138,-45
40,-1140,15964,-2104,-1824,473,-25,-21
41,-1204,16272,-2516,-1840,231,-155,-71
42,-1168,16276,-2596,-1840,340,-140,-86
43,-1192,16080,-2356,-1792,224,-218,-9
44,-1132,16312,-2368,-1792,309,-139,-40
45,-1260,16136,-2440,-1808,288,-154,-43
46,-1048,16176,-2420,-1808,254,-185,-34
47,-1096,16148,-2244,-1824,328,-49,12
48,-1100,16304,-2152,-1840,215,-187,2
49,-1020,16276,-2340,-1824,298,-118,-84
50,-1236,16024,-2308,-1824,202,-170,-56
51,-1016,16236,-2464,-1840,299,-144,-60
52,-1228,16300,-2340,-1824,255,-72,-108
53,-1352,16032,-2252,-1824,174,-237,27
54,-1088,16248,-2284,-1840,402,-125,-31
55,-1252,16104,-2448,-1840,201,-195,-46
56,-1116,16124,-2288,-1824,278,-154,43
57,-1052,16296,-2424,-1792,373,-80,-50
58,-1268,16164,-2384,-1824,197,-113,-61
59,-1260,16208,-2632,-1808,309,-144,24
60,-1160,16000,-2304,-1808,256,-175,1
61,-1128,16116,-2464,-1808,220,-157,-41
62,-1124,16072,-2576,-1824,355,-126,76
63,-1188,15544,-2492,-1824,291,-74,325
64,-1152,16560,-2140,-1792,247,-478,354
65,-1264,17048,-2360,-1808,408,-396,59
66,-1372,15908,-2596,-1840,-302,-264,307
67,-1084,15596,-1944,-1792,-399,-221,751
68,-864,15716,-1784,-1840,-570,-133,991
69,-908,16428,-2468,-1792,-518,-296,925
70,-884,16720,-2408,-1808,-530,-400,753
71,-344,16492,-1852,-1808,-962,-337,427
72,-528,16344,-1948,-1824,-1279,-462,338
73,-852,16428,-1996,-1808,-1499,-707,519
74,-728,16556,-960,-1824,-1533,-544,489
75,-700,16216,-1292,-1808,-943,-370,237
76,-896,16300,-1288,-1840,-1098,-355,345
77,-704,15944,-1020,-1808,-914,-147,485
78,-548,16184,-848,-1792,-1284,-50,461
79,-648,16272,-508,-1792,-1430,53,534
80,-548,16300,-900,-1792,-1372,-175,566
81,-216,15920,-1284,-1824,-691,-264,490
82,-116,16276,-920,-1808,-816,-467,303
83,-236,16220,-688,-1808,-676,-337,159
84,-296,16104,-1092,-1792,-441,-373,254
85,-196,16232,-740,-1792,-203,-431,268
86,-56,16240,-124,-1808,295,-184,204
87,-56,16576,-24,-1824,514,-115,296
88,-172,16148,-608,-1808,677,-128,409
89,-136,16304,-232,-1808,507,-215,367
90,76,16140,-256,-1824,848,-99,291
91,196,16216,-76,-1776,837,-20,346
92,152,16356,-104,-1808,458,-76,616
93,148,16432,-284,-1792,505,8,556
94,-68,16664,-640,-1824,150,-55,417
95,332,16456,-240,-1840,128,11,278
96,320,15840,-16,-1824,202,111,299
97,348,16136,-388,-1792,175,182,482
98,256,16208,-560,-1840,55,80,553
99,360,16476,-488,-1840,181,125,412
100,268,16364,-508,-1824,56,112,423
101,332,16224,-324,-1808,158,122,561
102,240,16456,-460,-1824,205,42,639
103,472,16592,-96,-1808,216,-12,485
104,648,16580,-428,-1856,252,30,342
105,620,16344,-180,-1808,212,11,320
106,788,16288,-336,-1824,188,69,305
107,808,16332,-580,-1840,151,77,252
108,896,16636,-408,-1824,89,34,16
109,932,16548,-196,-1824,-194,39,-169
110,944,16224,-252,-1824,-348,43,-153
111,884,16224,-112,-1776,-337,43,-111
112,844,16264,60,-1808,-273,48,-160
113,736,16152,40,-1824,-36,134,-149
114,764,16348,-196,-1808,140,28,-15
115,824,16520,-104,-1792,79,-89,6
116,768,16172,92,-1824,263,-78,19
117,884,16440,20,-1792,349,-149,-62
118,876,16528,-12,-1840,368,-239,19
119,804,16400,88,-1824,534,-230,-1
120,756,16496,-216,-1824,634,-211,-63
121,768,16472,-392,-1792,536,-318,-136
122,700,16664,-168,-1840,461,-468,-310
123,580,16532,-300,-1840,579,-544,-739
124,456,16312,-324,-1840,910,-317,-750
125,664,15804,-300,-1808,1028,-324,-813
126,640,16344,-244,-1824,1186,-147,-903
127,600,16296,-252,-1840,1227,-49,-902
128,320,15920,-660,-1808,1118,-37,-654
129,136,16264,-500,-1808,1227,-99,-598
130,184,16036,-668,-1840,1411,-23,-543
131,16,16180,-752,-1840,1498,27,-286
132,112,16892,-1372,-1872,1076,-388,-179
133,124,16928,-1172,-1824,617,-260,-522
134,-104,15628,-1424,-1840,894,-78,-269
135,-68,16520,-928,-1824,551,-489,-158
136,128,16532,-676,-1824,304,-332,-405
137,-56,16240,-968,-1824,584,-172,-418
138,-164,16196,-1040,-1824,203,-268,-148
139,-148,16076,-1304,-1840,497,-118,-270
140,0,16376,-1308,-1776,628,-35,-455
141,-132,16520,-1180,-1824,516,-86,-425
142,-176,16496,-1104,-1840,424,-191,-432
143,-188,16484,-1340,-1824,383,-101,-730
144,-184,16484,-1240,-1808,474,-149,-915
145,-536,16296,-1116,-1824,447,-213,-848
146,-704,16488,-1424,-1808,407,-319,-833
147,-988,15820,-1636,-1824,1070,82,-886
148,-860,14700,-2684,-1808,2007,438,-621
149,-1240,16520,-1832,-1792,1642,-25,-294
150,-1112,16132,-1768,-1824,2047,274,-220
151,-664,15448,-2000,-1808,2757,408,93
152,-688,16144,-1572,-1824,1867,-224,451
153,-904,17036,-1960,-1808,1740,-303,333
154,-900,16872,-2456,-1792,1068,-190,216
155,-728,16380,-2700,-1872,521,-382,167
156,-604,16024,-2068,-1824,276,-255,-110
157,-700,16196,-2456,-1808,54,-207,-386
158,-708,15864,-2648,-1824,-290,-80,-178
159,-944,16444,-2496,-1808,-1013,-268,-3
160,-1008,16412,-1900,-1792,-1033,-376,84
161,-892,16708,-1896,-1824,-930,-633,26
162,-740,16512,-2228,-1824,-854,-670,-6
163,-572,15904,-2156,-1840,-889,-627,85
164,-532,15976,-1588,-1824,-950,-620,266
165,-324,16232,-1540,-1808,-622,-434,310
166,-432,16240,-1512,-1824,-514,-224,403
167,-548,16136,-1676,-1840,-464,-166,386
168,-660,16324,-1632,-1824,-345,-204,314
169,-404,16340,-1232,-1824,-262,-119,127
170,-328,16304,-1216,-1808,-30,-66,-13
171,-332,16320,-1448,-1840,-4,-34,-42
172,-148,16464,-1332,-1808,46,-46,-155
173,-96,16400,-1364,-1808,170,-60,-310
174,-272,16432,-1416,-1840,304,-75,-298
175,-332,16316,-1456,-1856,354,-175,-232
176,-508,16084,-1444,-1840,614,-84,-180
177,-580,16008,-1220,-1856,749,-121,13
178,-696,16244,-1292,-1824,903,-121,139
179,-600,16328,-1424,-1808,697,-179,211
180,-488,16448,-1452,-1840,589,-157,38
181,-536,16348,-1616,-1792,456,-141,-73
182,-492,16276,-1444,-1856,269,-185,-74
183,-532,16292,-1676,-1808,431,-173,-144
184,-568,16324,-1528,-1824,154,-161,-250
185,-732,16176,-1532,-1808,188,-194,-163
186,-584,16036,-1380,-1808,320,-165,-159
187,-264,16308,-1084,-1824,471,-95,-280
188,-400,16200,-2036,-1808,419,-9,-210
189,-660,16164,-1676,-1808,182,-199,27
190,-608,16360,-1424,-1808,424,-118,-59
191,-528,16424,-1512,-1840,469,-115,-165
192,-392,16060,-1776,-1840,498,-168,-1
193,-432,16388,-1620,-1808,236,-187,77
194,-740,16076,-1860,-1808,303,-37,-16
195,-704,16264,-1452,-1792,144,-210,36
196,-784,16252,-1388,-1792,254,-108,107
197,-704,16260,-1524,-1808,92,-241,165
198,-592,16376,-1544,-1840,259,-121,31
199,-408,16236,-1620,-1824,204,-94,-58
200,-408,16476,-1544,-1824,322,-51,-123
201,-476,16336,-1652,-1824,401,-47,-215
202,-392,16256,-1496,-1808,475,-86,-280
203,-472,16136,-1560,-1824,534,-51,-258
204,-536,16060,-1728,-1808,576,-37,-172
205,-644,16196,-1696,-1808,716,-58,-148
206,-636,16404,-1832,-1824,684,-62,-149
207,-484,16304,-1668,-1808,497,-160,-98
208,-704,16480,-1608,-1840,525,-224,-75
209,-640,16268,-1656,-1824,569,-105,-151
210,-524,16156,-1740,-1808,467,-185,-74
211,-596,16456,-1832,-1824,432,-149,-96
212,-1048,16268,-1856,-1776,146,-252,23
213,-836,16144,-1804,-1808,345,-308,-6
214,-536,16228,-1856,-1824,339,-25,-158
215,-744,16328,-2116,-1792,155,-166,-102
216,-772,16292,-1772,-1808,382,-177,12
217,-744,16328,-1784,-1792,288,-127,-118
218,-756,16168,-1820,-1840,339,-133,-206
219,-692,16196,-1892,-1824,251,-141,-8
220,-712,16156,-1880,-1824,231,-112,1
221,-728,16232,-1880,-1824,285,-104,-152
222,-620,16208,-1796,-1776,254,-108,-138
223,-748,16208,-1760,-1840,198,-139,12
224,-684,16308,-1648,-1840,184,-108,-3
225,-636,16324,-1764,-1776,226,-125,-92
226,-744,16308,-1768,-1856,210,-157,-21
227,-716,16216,-1868,-1808,226,-143,29
228,-712,16180,-1716,-1840,264,-153,-28
229,-708,16216,-1796,-1792,336,-152,27
230,-828,16396,-1800,-1792,250,-127,33
231,-540,16224,-1788,-1856,336,-217,-14
232,-668,16296,-1836,-1840,315,-154,-115
233,-624,16116,-2028,-1824,309,-187,-109
234,-680,16276,-1744,-1776,406,-141,-137
235,-784,16260,-1720,-1824,347,-163,-164
236,-724,16408,-2012,-1808,325,-158,-175
237,-788,16328,-1828,-1808,319,-177,-140
238,-816,16304,-1708,-1824,335,-145,-133
239,-720,16232,-1856,-1808,352,-115,-114
240,-656,16284,-1732,-1824,319,-119,-144
241,-712,16328,-1852,-1808,376,-83,-125
242,-720,16300,-1896,-1824,346,-75,-91
243,-816,16304,-1808,-1808,225,-123,-57
244,-784,15964,-1832,-1840,314,-137,-22
245,-676,16420,-1740,-1824,207,-75,-14
246,-908,16356,-2040,-1792,350,-106,-34
247,-816,16116,-1792,-1808,244,-153,67
248,-916,16240,-1780,-1808,286,-99,40
249,-756,16304,-1944,-1808,320,-52,-1
250,-708,16468,-1932,-1840,289,-86,-70
251,-732,16228,-1688,-1808,244,-53,-103
252,-832,16224,-1812,-1824,282,-81,-108
253,-876,16068,-1836,-1840,303,-65,-107
254,-700,16380,-1980,-1840,351,-80,-129
255,-824,16156,-1984,-1776,346,-90,-115
256,-804,16168,-1832,-1808,325,-119,-94
257,-744,16172,-1880,-1824,388,-114,-83
258,-788,16236,-1900,-1840,290,-159,-70
259,-884,16268,-1936,-1824,357,-143,-15
260,-796,16188,-2044,-1792,268,-220,-24
261,-848,16224,-1992,-1808,362,-145,-18
262,-840,16240,-1940,-1824,293,-189,-72
263,-836,16316,-2112,-1840,226,-254,-95
264,-756,16188,-2020,-1824,326,-108,-82
265,-784,16160,-1764,-1824,228,-240,-5
266,-964,16532,-2048,-1808,291,-77,-81
267,-916,16076,-2020,-1808,242,-185,-56
268,-852,16220,-1932,-1808,246,-152,-51
269,-792,16268,-2064,-1824,295,-90,-45
270,-824,16188,-2020,-1840,248,-188,-40
271,-752,16428,-1832,-1840,260,-171,-50
272,-920,16032,-2004,-1824,246,-78,-48
273,-780,16184,-1980,-1824,196,-186,46
274,-768,16236,-1972,-1824,269,-109,-25
275,-736,16300,-2172,-1808,141,-142,-2
276,-864,16360,-2048,-1840,307,-82,-50
277,-712,16212,-2136,-1856,194,-178,-15
278,-980,16292,-1948,-1824,265,-134,-61
279,-824,16032,-1952,-1840,318,-123,-24
280,-824,16284,-2000,-1792,185,-198,-2
281,-796,16164,-2088,-1824,374,-143,-33
282,-876,16220,-2036,-1776,270,-142,-22
283,-880,16288,-1696,-1824,381,-108,-4
284,-824,16188,-2028,-1792,250,-141,-53
285,-796,16280,-1872,-1808,293,-188,-78
286,-876,16292,-1960,-1808,369,-105,-76
287,-932,16120,-1964,-1824,220,-166,-36
288,-808,16364,-1948,-1840,294,-159,-52
289,-1012,16208,-1872,-1840,240,-185,-88
290,-868,16216,-2076,-1808,227,-142,-27
291,-700,16228,-1808,-1808,355,-120,-37
292,-840,16200,-2060,-1824,248,-144,-48
293,-928,16276,-1816,-1824,313,-130,-55
294,-924,16276,-1840,-1808,285,-161,-73
295,-812,16336,-2052,-1792,248,-165,-48
296,-836,16288,-1924,-1792,243,-146,-33
297,-884,16384,-2052,-1808,243,-153,-49
298,-860,16208,-2084,-1824,257,-114,-63
299,-804,16192,-2092,-1840,278,-125,-83
300,-916,16284,-1952,-1840,231,-140,-8
301,-868,16312,-1812,-1840,286,-46,-51
302,-872,16236,-2120,-1824,177,-161,-38
303,-712,16320,-1888,-1792,322,-135,-75
304,-828,16236,-2212,-1840,231,210,-143,-59
324,-920,16356,-1972,-186,-1808,253,-108,-49
322,-756,16200,-2096,-1824,240,-134,-65
323,-840,16180,-1956,-1792,210,-143,-59
324,-920,16356,-1972,-180,-1808,253,-108,-49
322,-756,16200,-2096,-1824,240,-134,-65
323,-840,16180,-1956,-1792,210,-143,-59
324,-920,16356,-1972,-1808,209,-163,-10
325,-820,16220,-2016,-1824,257,-140,-33
326,-892,16276,-1920,-1824,238,-140,-41
327,-820,16180,-1840,-1808,213,-131,-48
328,-856,16328,-2196,-1824,303,-108,-36
329,-892,16304,-1956,-1872,241,-127,-58
330,-876,16244,-2020,-1808,237,-152,-62
331,-860,16124,-2100,-1824,316,-137,-31
332,-872,16088,-2004,-1808,318,-145,-33
333,-776,16212,-1948,-1872,300,-141,-12
334,-932,16332,-1860,-1856,389,-145,-106
335,-924,16216,-1904,-1840,332,-148,-71
336,-960,16364,-1952,-1824,402,-115,-84
337,-920,16316,-2036,-1824,360,-171,-102
338,-884,16252,-1948,-1808,423,-121,-176
339,-876,16236,-2204,-1808,346,-150,-186
340,-1100,16524,-2396,-1792,447,-237,-306
341,-1140,16436,-2084,-1840,542,-247,-537
342,-892,16324,-2128,-1840,617,-302,-652
343,-904,16228,-2128,-1792,674,-129,-658
344,-1016,15640,-2352,-1840,1240,147,-668
345,-684,15812,-2168,-1840,1378,189,-547
346,-900,16184,-2024,-1824,1794,368,-598
347,-1064,16412,-2680,-1840,1456,282,-494
348,-1420,16352,-2724,-1840,556,104,-290
349,-1444,16016,-2792,-1824,381,30,-163
350,-1540,15980,-2788,-1840,581,99,-86
351,-1636,15712,-2804,-1840,994,232,73
352,-1560,15612,-2548,-1840,1415,370,323
353,-1484,15912,-3040,-1824,1495,284,366
354,-1244,16156,-2968,-1808,1388,389,351
355,-1072,16452,-3284,-1808,2073,709,20
356,-988,16272,-3468,-1872,1970,784,-85
357,-884,15996,-3860,-1824,1919,752,-203
358,-988,15908,-4092,-1808,1419,637,-211
359,-716,16444,-3916,-1792,781,54,-137
360,-1004,16252,-3688,-1872,415,131,-335
361,-936,16204,-3796,-1792,1243,437,-580
362,-852,16600,-3604,-1840,1088,452,-530
363,-1368,16100,-4432,-1824,630,-570,-671
364,-1384,17232,-4168,-1792,-682,-1887,-593
365,-1588,16976,-3476,-1808,-2318,-2400,-239
366,-1912,16948,-3036,-1856,-1335,-1850,-799
367,-1004,16476,-2924,-1840,-1067,-786,-1296
368,404,15452,-2888,-1824,-573,-899,-2183
369,-176,15104,-2912,-1840,-1271,-1615,-1933
370,-1108,14880,-3076,-1840,-1838,-2187,-1205
371,-2108,15212,-3020,-1856,-970,-1681,-969
372,-3560,15484,-2940,-1808,-1127,-1764,-702
373,-4208,15116,-2956,-1824,382,-1098,-374
374,-4944,16460,-2424,-1840,1225,-446,-211
375,-4160,15924,-2924,-1856,1890,-157,-189
376,-3352,15264,-3060,-1824,1906,-232,-227
377,-3496,15492,-2796,-1824,1025,-384,265
378,-3512,15652,-3292,-1840,1187,-100,156
379,-2804,15716,-2688,-1840,1401,157,-120
380,-2584,15812,-2780,-1840,1743,533,-559
381,-2928,15428,-3640,-1808,2943,1295,-549
382,-3000,16072,-3976,-1840,2124,676,-241
383,-2956,15780,-4204,-1856,1205,-6,170
384,-3236,16552,-3512,-1872,1466,-28,28
385,-2904,15896,-3672,-1808,1476,367,257
386,-2392,14756,-4084,-1808,1709,661,554
387,-2644,14928,-4300,-1824,787,354,1096
388,-2336,14944,-4344,-1840,206,64,1470
389,-2420,15716,-4000,-1824,-341,-260,1591
390,-2264,16004,-4436,-1856,-932,-477,1483
391,-1988,16648,-4232,-1856,-1173,-726,748
392,-2028,16912,-4248,-1808,-876,-583,-239
393,-1680,15496,-4300,-1808,-510,-284,-687
394,-1864,15032,-3872,-1840,-948,-376,-432
395,-2232,15512,-3432,-1840,-545,-466,-32
396,-2504,16380,-3220,-1824,-487,-640,199
397,-2556,16320,-3272,-1792,-271,-461,623
398,-2144,16080,-3464,-1872,-145,-195,559
399,-1896,15964,-3508,-1840,-212,23,326
400,-1640,15816,-3324,-1824,-183,119,135
401,-1708,16108,-3428,-1840,-480,-199,292
402,-1808,16552,-3168,-1840,-748,-355,307
403,-1760,16236,-3052,-1808,-684,-240,165
404,-1772,15936,-2816,-1824,-329,-75,-5
405,-1764,15856,-3024,-1840,-398,-114,14
406,-1800,15840,-2996,-1824,117,-45,-18
407,-1832,16136,-3000,-1840,474,-96,-116
408,-1772,16256,-3076,-1840,433,-270,-63
409,-1764,16048,-2980,-1808,508,-266,-18
410,-1788,15912,-3056,-1824,503,-205,3
411,-2084,15556,-3336,-1856,432,-108,141
412,-1912,15804,-2884,-1840,247,645,193
413,-1520,15832,-3016,-1824,-131,-534,295
414,-2116,16532,-3448,-1824,-47,-939,92
415,-2308,16976,-2980,-1856,-535,-955,-99
416,-1884,16056,-2732,-1824,-82,-643,-266
417,-1448,15212,-2556,-1824,226,-707,58
418,-1580,15660,-2324,-1824,550,-785,422
419,-1616,16436,-2440,-1824,772,-760,463
420,-1556,16456,-2700,-1840,900,-241,263
421,-1600,16152,-3068,-1840,1027,149,-32
422,-1600,15900,-3272,-1840,1156,227,-231
423,-1640,16356,-3220,-1840,789,-132,-362
424,-2036,16128,-3252,-1824,259,-328,-302
425,-1964,15916,-2960,-1792,112,-385,-156
426,-2028,15944,-2672,-1840,198,-194,-82
427,-1908,15956,-2704,-1824,439,26,4
428,-1716,16252,-3008,-1856,337,21,-13
429,-1816,16244,-3260,-1840,226,-133,-240
430,-2280,16020,-3132,-1872,133,-335,-255
431,-1888,15696,-3192,-1840,408,-220,-30
432,-1436,15692,-3376,-1856,436,-397,-42
433,-1768,16136,-3200,-1840,329,-783,-70
434,-1800,16200,-3108,-1824,489,-641,-105
435,-1924,16172,-2944,-1824,624,-459,-326
436,-2036,15904,-3004,-1840,531,-323,-343
437,-2164,15988,-2928,-1840,301,-353,-176
438,-2036,15952,-3072,-1840,230,-367,-175
439,-2100,16068,-3176,-1824,187,-317,-335
440,-2504,16192,-2816,-1824,-76,-518,-317
441,-2240,15872,-2872,-1840,-389,-493,-293
442,-1980,15468,-2796,-1808,-254,-213,-231
443,-1944,15452,-2748,-1808,48,205,-9
444,-1864,15588,-2804,-1808,275,464,284
445,-1816,15952,-3092,-1824,549,682,298
446,-1952,16276,-3184,-1856,440,629,259
447,-1816,16156,-3492,-1840,701,689,217
448,-1712,16116,-3564,-1856,696,503,220
449,-1900,16152,-3636,-1824,525,117,173
450,-2364,16260,-3224,-1840,301,-308,2ý
Sample,aX,aY,az,Temp,gX,gY,gz
1,-2124,15944,-3212,-1840,351,-53,127
2,-2064,16028,-3236,-1824,362,-11,82
3,-1924,16192,-3256,-1824,220,-35,55
4,-1964,15936,-3336,-1840,223,10,-14
5,-2044,15920,-3236,-1856,105,-57,-177
6,-1956,15908,-3248,-1824,66,-127,-148
7,-2060,15980,-3156,-1856,179,-267,23
8,-2028,15956,-3336,-1824,266,-178,-2
9,-1984,15872,-2952,-1840,281,-157,-26
10,-2008,16092,-3192,-1824,429,-76,31
11,-2104,16060,-3152,-1824,451,-166,3
12,-1920,15948,-3320,-1808,301,-156,0
13,-2228,15956,-3188,-1840,357,-141,45
14,-2044,16048,-3304,-1872,304,-121,-12
15,-1876,15960,-3168,-1824,276,-162,-149
16,-2036,15952,-3264,-1840,202,-190,-93
17,-2084,15928,-3228,-1808,257,-172,-50
18,-2060,15908,-3316,-1792,280,-162,-98
19,-2024,15964,-3272,-1840,351,-212,-36
20,-1972,15864,-3200,-1808,308,-199,-2
21,-2108,16004,-3156,-1840,316,-201,-10
22,-1984,16032,-3364,-1824,403,-74,-56
23,-2036,15948,-3400,-1808,331,-93,-38
24,-2096,15884,-3376,-1824,331,-80,-38
25,-1916,15976,-3260,-1856,228,-184,-73
26,-2112,15876,-3212,-1808,170,-122,-9
27,-2040,16176,-3184,-1840,268,-114,-27
28,-2004,15928,-3300,-1808,143,-162,-110
29,-1988,15964,-3244,-1824,208,-119,-47
30,-2092,15988,-3316,-1840,202,-183,21
31,-2064,15984,-3268,-1840,251,-175,-56
32,-2176,15972,-3296,-1840,305,-204,-74
33,-2100,16000,-3116,-1824,246,-256,-79
34,-2108,15932,-3328,-1808,218,-246,-60
35,-2132,15872,-3120,-1840,305,-152,-81
36,-2212,15900,-3368,-1840,234,-151,-110
37,-2264,15964,-3348,-1808,242,-217,-87
38,-2208,15952,-3376,-1840,241,-188,-118
39,-2056,16168,-3392,-1824,511,-155,-296
40,-2192,15876,-3364,-1840,323,-203,-206
41,-2268,15768,-3272,-1824,429,-201,-32
42,-2100,15912,-3372,-1776,315,-239,-53
43,-2248,16064,-3388,-1824,347,-166,-61
44,-2248,15900,-3368,-1824,327,-182,17
45,-2156,15944,-3284,-1824,294,-189,-9
46,-2100,15940,-3348,-1856,364,-68,-76
47,-2128,16012,-3344,-1824,271,-104,-44
48,-2248,15888,-3380,-1808,282,-137,-2
49,-2108,15896,-3368,-1840,249,-127,-15
50,-2232,15856,-3376,-1824,312,-130,-9
51,-2240,15980,-3316,-1824,298,-90,16
52,-2064,15956,-3396,-1808,241,-156,49
53,-2136,15968,-3440,-1856,356,-62,24
54,-2072,16020,-3356,-1840,263,-158,-16
55,-2048,15732,-3476,-1792,296,-32,71
56,-2268,15844,-3364,-1840,271,-99,99
57,-2112,16072,-3404,-1840,274,-88,-9
58,-2184,15888,-3524,-1840,240,-114,-31
59,-2160,15936,-3160,-1808,195,-152,26
60,-2056,15972,-3420,-1840,255,-151,-18
61,-2136,15888,-3344,-1824,199,-95,-26
62,-2112,16048,-3396,-1856,270,-151,-37
63,-2064,15940,-3360,-1840,195,-197,-41
64,-2100,15944,-3292,-1840,197,-182,-104
65,-2232,16000,-3408,-1824,195,-253,-104
66,-2112,15848,-3400,-1808,175,-235,-71
67,-2208,15916,-3260,-1792,276,-164,-49
68,-2144,15968,-3332,-1840,171,-251,-87
69,-2132,15892,-3356,-1840,242,-281,-89
70,-2128,15944,-3240,-1824,256,-267,-107
71,-2252,15788,-3108,-1840,228,-205,-46
72,-2172,15928,-3244,-1840,333,-157,-1
73,-2156,16104,-3344,-1824,269,-141,-59
74,-2168,15756,-3296,-1824,295,-75,-7
75,-2104,15952,-3184,-1856,314,-64,66
76,-2296,15900,-3372,-1840,267,-92,-4
77,-2180,15952,-3356,-1808,258,-137,-41
78,-2128,15888,-3200,-1824,230,-191,-15
79,-2144,15852,-3308,-1824,224,-159,14
80,-2188,15960,-3228,-1840,255,-108,-14
81,-2148,16004,-3284,-1808,270,-89,-32
82,-2072,15912,-3360,-1840,240,-134,9
83,-1996,15944,-3228,-1840,284,-153,-23
84,-2208,15940,-3404,-1824,272,-156,-26
85,-2120,15888,-3332,-1792,267,-125,-50
86,-2232,15900,-3364,-1808,297,-141,-60
87,-2096,15988,-3236,-1840,315,-219,-54
88,-2144,15888,-3376,-1792,303,-120,51
89,-2300,16048,-3244,-1856,283,-152,-1
90,-2108,15892,-3256,-1856,259,-148,-101
91,-2224,15748,-3276,-1840,256,-133,-24
92,-2152,15936,-3432,-1824,284,-191,0
93,-2216,15980,-3408,-1840,275,-162,-64
94,-2108,16056,-3352,-1856,309,-176,-57
95,-2208,15876,-3436,-1840,304,-176,3
96,-2176,15828,-3484,-1840,275,-151,-2
97,-2184,15912,-3344,-1840,315,-110,-38
98,-2224,16000,-3364,-1824,280,-103,-14
99,-2356,15884,-3432,-1824,233,-124,-21
100,-2180,15864,-3356,-1808,262,-163,-52
101,-2196,15848,-3212,-1824,256,-156,-36
102,-2220,15896,-3236,-1840,298,-110,-20
103,-2328,15968,-3324,-1824,288,-142,-45
104,-2120,15884,-3336,-1840,280,-116,-54
105,-2300,15788,-3272,-1824,220,-107,99
106,-2180,15928,-3332,-1808,354,-82,1
107,-2024,15896,-3436,-1840,364,-73,-80
108,-1984,15920,-3360,-1808,409,-9,-14
109,-2032,15768,-3464,-1824,587,33,21
110,-2248,16084,-3628,-1792,416,-192,25
111,-2504,16360,-3540,-1824,392,-394,-117
112,-2432,16156,-3424,-1824,72,-522,-247
113,-2276,15688,-3392,-1840,-14,-405,-290
114,-2392,15384,-3216,-1824,-3,-118,-3
115,-2424,15648,-3252,-1808,231,-88,198
116,-2216,16168,-3556,-1840,318,-79,103
117,-2004,16284,-3296,-1840,212,-80,-65
118,-1820,15796,-3416,-1824,255,-23,-135
119,-2012,15768,-3332,-1856,257,-60,-129
120,-2172,16048,-3360,-1840,506,-126,-135
121,-2204,15820,-3364,-1856,483,-55,145
122,-2280,15956,-3372,-1840,524,-137,218
123,-2112,16060,-3496,-1824,494,-130,38
124,-2252,15916,-3496,-1808,410,-92,-12
125,-2236,15856,-3404,-1840,253,-84,125
126,-2340,15768,-3396,-1856,172,-110,137
127,-2160,15876,-3472,-1840,181,-144,45
128,-2012,15988,-3432,-1808,153,-253,-29
129,-2080,16020,-3396,-1840,91,-235,-125
130,-2144,15912,-3380,-1824,196,-163,-220
131,-2200,15828,-3532,-1840,217,-126,-235
132,-2240,15936,-3380,-1808,244,-185,-53
133,-2328,15904,-3416,-1824,341,-238,-10
134,-2200,15908,-3536,-1840,302,-156,-73
135,-2200,15880,-3484,-1792,325,-165,-63
136,-2228,15836,-3508,-1808,213,-183,40
137,-2380,15816,-3236,-1824,241,-150,105
138,-2104,16056,-3556,-1840,233,-198,-11
139,-2072,15904,-3156,-1856,115,-180,-27
140,-2228,15800,-3464,-1808,217,-118,17
141,-2228,15872,-3516,-1840,304,-122,-32
142,-2244,15952,-3592,-1840,329,-73,-91
143,-2168,15892,-3416,-1824,294,-215,6
144,-2152,15884,-3368,-1808,262,-176,6
145,-2176,15968,-3324,-1824,330,-132,-35
146,-2304,15916,-3416,-1840,393,-112,-63
147,-2296,15916,-3356,-1840,255,-128,-17
148,-2204,15860,-3452,-1856,223,-62,-27
149,-2180,15876,-3464,-1824,257,-81,-35
150,-2288,15996,-3520,-1808,204,-162,-8
151,-2216,16004,-3632,-1824,272,-200,-21
152,-2180,15848,-3508,-1808,228,-184,-19
153,-2276,15760,-3404,-1856,293,-100,82
154,-2208,16136,-3440,-1840,367,-99,12
155,-2152,15940,-3324,-1840,255,-126,-58
156,-2096,15828,-3492,-1856,315,-73,-3
157,-2104,15864,-3436,-1792,273,-138,-10
158,-2220,15940,-3492,-1808,193,-186,-114
159,-2148,15944,-3420,-1840,188,-234,-108
160,-2172,15828,-3272,-1840,180,-209,-38
161,-2256,15964,-3364,-1792,281,-89,-70
162,-2172,15860,-3596,-1824,233,-112,-42
163,-2228,15920,-3520,-1840,248,-172,-11
164,-2256,15840,-3320,-1840,236,-196,-10
165,-2116,15800,-3320,-1856,321,-114,-20
166,-2176,15952,-3528,-1840,252,-139,24
167,-2160,15864,-3444,-1856,313,-139,-14
168,-2060,15768,-3472,-1872,208,-186,-61
169,-2384,15928,-3424,-1824,253,-125,55
170,-2212,16008,-3480,-1856,315,-119,-34
171,-2196,15868,-3324,-1840,212,-81,-129
172,-2248,15844,-3480,-1840,300,-29,-34
173,-2088,15920,-3524,-1808,230,-145,51
174,-2232,16060,-3444,-1824,299,-127,-91
175,-2304,15812,-3576,-1840,268,-213,-43
176,-2048,15924,-3404,-1824,233,-218,32
177,-2164,15872,-3452,-1808,300,-85,-17
178,-2272,15900,-3500,-1856,255,-72,-27
179,-2140,15956,-3448,-1856,243,-116,34
180,-2372,16336,-3584,-1808,168,-213,-79
181,-2392,16664,-3720,-1856,-66,-337,-227
182,-2456,15800,-3512,-1808,-662,-426,-24
183,-2900,14448,-3104,-1808,-1083,-656,606
184,-2840,15444,-2712,-1808,-483,-731,406
185,-2184,16700,-2696,-1840,-72,61,-133
186,-1228,16416,-3392,-1840,64,335,-403
187,-892,15884,-3588,-1776,-374,149,-500
188,-1848,15880,-3408,-1840,-566,-327,-776
189,-2848,16208,-3244,-1808,-445,-444,-473
190,-2788,15832,-2648,-1840,128,-358,62
191,-2220,15628,-2432,-1840,357,-446,319
192,-2052,15828,-2448,-1840,598,-306,287
193,-2228,16056,-2616,-1856,630,23,334
194,-2252,16208,-2896,-1824,612,248,316
195,-2152,16112,-3192,-1824,397,101,245
196,-2168,16112,-3056,-1808,177,-91,178
197,-2136,15984,-3056,-1856,116,-165,124
198,-2164,16128,-3084,-1840,125,-166,-16
199,-1984,17600,-3164,-1856,-32,-394,-583
200,-2332,16308,-3004,-1808,-1136,-356,-335
201,-2512,15856,-3096,-1824,-1885,-1277,159
202,-2844,16120,-3292,-1824,-2259,-1200,-63
203,-3640,15488,-2340,-1840,-1142,-969,-274
204,-3068,15032,-2684,-1840,-286,-284,-215
205,-2196,14008,-1980,-1840,-213,562,-51
206,-1752,13988,-2124,-1824,-1203,504,427
207,-2248,15948,-1324,-1824,-3173,-41,1736
208,-3080,20772,-532,-1840,-5699,-1011,3001
209,-2756,17280,-368,-1856,-2978,1202,3772
210,-3300,19932,-1784,-1824,218,1609,3310
211,-1876,18872,-1612,-1824,-2398,169,3819
212,-1628,18924,-1056,-1840,752,-785,4300
213,640,21300,-2276,-1840,2569,-1489,4069
214,1116,21364,-2468,-1840,2293,-1661,3548
215,668,19132,-1284,-1840,1733,-2015,5027
216,2756,18936,-772,-1824,2531,-1628,5870
217,2668,17000,-1232,-1824,4888,429,6047
218,3120,14288,-868,-1808,2669,618,7326
219,3716,13700,-624,-1808,1576,1246,7684
220,3812,10008,-1052,-1856,5330,3726,7339
221,3308,15388,-2224,-1824,4568,2215,5522
222,4628,11848,-2244,-1808,-1164,98,4209
223,4420,12692,-1640,-1856,2601,1129,2455
224,5216,13484,-2656,-1856,4539,1956,1505
225,5860,14756,-2528,-1824,3144,1392,231
226,6084,13740,-2880,-1840,3163,1858,-94
227,6228,15624,-2556,-1824,3824,1752,-1281
228,6244,14820,-3296,-1856,3269,877,-1391
229,5244,15040,-3292,-1840,1876,-724,-1337
230,5676,14740,-3624,-1808,477,-2455,-1717
231,4780,15020,-3504,-1840,-63,-3951,-336
232,4132,14932,-4092,-1824,-2352,-6703,1283
233,4096,14688,-4268,-1840,-3309,-6869,1360
234,4564,15064,-4136,-1808,-2108,-4312,939
235,4440,15616,-4784,-1840,-320,-1380,421
236,4904,14880,-4500,-1872,426,348,2
237,6068,15280,-3856,-1856,1508,809,-557
238,6016,15732,-3540,-1808,1283,709,-486
239,5244,14628,-3764,-1824,946,320,71
240,5300,14700,-3792,-1856,698,269,76
241,5220,14732,-3960,-1808,426,489,-236
242,4832,14196,-3864,-1792,449,1027,-482
243,4768,14616,-3560,-1872,1421,2168,-362
244,5048,15140,-3788,-1840,1796,2486,-535
245,5112,15736,-3576,-1792,942,1971,-792
246,5336,15612,-3984,-1840,39,1794,-298
247,5012,15668,-4012,-1856,166,2198,179
248,4720,15836,-4380,-1840,494,2175,69
249,4912,15764,-4568,-1840,583,1702,-67
250,5132,15616,-4588,-1808,347,927,-120
251,5408,15404,-4240,-1856,307,708,53
252,5540,15016,-4072,-1856,608,624,296
253,5312,15156,-4096,-1872,394,121,532
254,5456,15064,-3924,-1856,475,113,780
255,5456,15348,-3832,-1824,806,245,786
256,5476,15260,-4028,-1824,880,433,662
257,5564,15428,-4096,-1824,860,485,525
258,5552,15496,-4220,-1824,761,383,486
259,5572,15264,-4396,-1824,633,437,462
260,5616,15084,-4260,-1824,504,278,337
261,5688,15032,-4136,-1840,366,393,393
262,5528,15152,-4032,-1840,618,661,368
263,5596,15464,-4160,-1840,369,333,212
264,5516,15384,-4220,-1840,211,-19,-5
265,5660,15252,-4336,-1840,109,-232,-213
266,5820,15080,-4228,-1856,202,-210,-230
267,5660,14920,-4212,-1840,467,-85,-121
268,5612,14952,-4156,-1840,622,-288,-233
269,5880,15108,-4296,-1856,574,-400,-290
270,6036,15056,-4252,-1840,73,-766,-264
271,5852,14848,-4232,-1856,6,-640,-73
272,5760,15040,-4292,-1840,68,-526,-62
273,5564,15260,-4464,-1808,-202,-839,-57
274,5556,15152,-4268,-1824,-102,-774,64
275,5524,15256,-4232,-1808,23,-755,108
276,5428,15204,-4260,-1840,-28,-895,40
277,5580,15144,-4076,-1840,20,-890,28
278,5652,15048,-4060,-1856,22,-764,25
279,5760,15044,-4100,-1792,181,-562,-14
280,5628,15056,-3948,-1840,166,-486,7
281,5488,15096,-4220,-1824,130,-393,70
282,5608,15404,-4272,-1856,299,-314,22
283,5484,15288,-4264,-1856,78,-333,54
284,5420,15292,-4176,-1824,259,-99,144
285,5520,15240,-4164,-1856,174,-163,105
286,5592,15276,-4272,-1808,47,-393,-113
287,5696,15220,-4316,-1808,23,-423,-232
288,5776,15064,-4392,-1856,-272,-719,-173
289,5548,14812,-4092,-1872,-122,-691,-62
290,5544,15084,-4284,-1856,33,-738,28
291,5300,15360,-4220,-1856,103,-832,100
292,5336,15444,-4064,-1824,239,-783,96
293,5428,15428,-4128,-1824,233,-800,-6
294,5560,15272,-4176,-1856,189,-883,-154
295,5480,15016,-4164,-1872,216,-643,-82
296,5516,15220,-4100,-1856,418,-543,-91
297,5476,15172,-4124,-1856,228,-609,-22
298,5332,15016,-4208,-1840,206,-523,49
299,5432,15188,-4160,-1840,280,-481,-1
300,5448,15216,-4172,-1840,239,-500,-116
301,5416,15156,-4144,-1824,100,-432,-80
302,5264,15048,-4120,-1808,179,-302,36
303,5148,15240,-4348,-1840,216,-132,6
304,5264,15336,-4212,-1824,315,-110,-13
305,5320,15464,-4160,-1840,337,-45,-7
306,5196,15324,-4264,-1840,329,9,-60
307,5268,15100,-4248,-1824,434,50,-78
308,5444,15152,-4132,-1840,426,81,-171
309,5520,15004,-4220,-1840,347,144,-89
310,5520,15028,-4412,-1808,319,223,-74
311,5516,15184,-4384,-1824,287,161,-85
312,5392,15176,-4348,-1824,305,145,31
313,5256,15244,-4396,-1840,226,57,65
314,5356,15312,-4520,-1808,131,-89,-49
315,5328,15380,-4352,-1840,17,-265,-91
316,5312,14948,-4292,-1808,-173,-401,15
317,5328,14972,-4012,-1808,36,-168,182
318,5168,15192,-4108,-1840,286,26,350
319,5472,15600,-4140,-1840,196,30,189
320,5400,15392,-4148,-1840,360,241,276
321,5284,15340,-4108,-1808,489,382,235
322,5432,15256,-4204,-1840,494,212,11
323,5576,15252,-4204,-1840,417,135,-131
324,5648,15100,-4292,-1840,355,14,-103
325,5644,14996,-4244,-1808,271,-94,-42
326,5516,14860,-4132,-1840,359,-32,-65
327,5460,15240,-4056,-1840,412,-116,-96
328,5512,15300,-4144,-1856,371,-53,-51
329,5488,15304,-4028,-1856,414,92,-134
330,5388,15328,-4216,-1856,198,-140,-199
331,5492,15084,-4480,-1808,172,-163,-195
332,5416,15168,-4392,-1824,241,-149,-41
333,5584,15140,-4392,-1856,210,-316,75
334,5600,15184,-4060,-1840,203,-293,110
335,5536,15308,-4168,-1840,236,-185,211
336,5436,15220,-4076,-1840,246,-132,224
337,5456,15216,-4196,-1824,271,-100,126
338,5532,15192,-4196,-1840,232,-115,55
339,5644,15252,-4164,-1808,232,-95,44
340,5552,15028,-4156,-1856,269,-97,95
341,5580,15076,-4176,-1856,198,-156,84
342,5596,15088,-4176,-1824,237,-155,66
343,5576,15240,-4268,-1856,196,-157,53
344,5648,15132,-3928,-1856,194,-92,30
345,5612,15104,-4244,-1824,256,-117,-98
346,5652,15284,-4340,-1824,126,-220,-167
347,5564,15272,-4192,-1840,302,-158,-175
348,5580,15104,-4064,-1824,55,-528,-152
349,5580,15028,-4188,-1840,258,-417,-186
350,5708,15084,-4012,-1792,87,-609,-186
351,5544,14900,-3896,-1808,182,-393,-7
352,5548,15232,-4128,-1840,258,-193,3
353,5420,15304,-3824,-1824,204,70,-51
354,5364,15420,-4124,-1824,496,368,114
355,5464,15304,-4204,-1824,325,397,-32
356,5552,15316,-4032,-1824,638,660,-39
357,5600,15128,-4096,-1856,445,662,-12
358,5552,15180,-4156,-1824,695,647,32
359,5604,15056,-4284,-1824,535,452,-28
360,5552,14972,-4192,-1824,490,398,-104
361,5496,15172,-4000,-1808,555,415,-13
362,5796,15192,-4076,-1840,408,140,-11
363,5584,15220,-4216,-1840,421,289,-7
364,5588,15224,-4044,-1840,225,36,41
365,5672,15048,-3928,-1824,298,103,53
366,5764,15176,-4244,-1840,277,100,17
367,5620,15140,-4220,-1840,207,34,76
368,5680,15056,-4048,-1840,48,-124,196
369,5616,15072,-4260,-1840,87,-176,166
370,5616,15260,-4296,-1840,106,-235,120
371,5492,15184,-4176,-1824,116,-310,150
372,5408,15268,-4200,-1824,184,-356,116
373,5620,15144,-4028,-1808,250,-389,4
374,5568,15312,-4188,-1808,368,-310,-93
375,5704,15296,-4064,-1808,246,-235,-81
376,5604,15048,-4228,-1824,450,-166,-72
377,5556,15224,-4276,-1792,359,-68,-242
378,5788,15324,-4224,-1840,370,-157,-341
379,5648,14912,-4060,-1792,325,-39,-197
380,5572,15180,-4284,-1840,367,-51,-151
381,5608,15072,-4312,-1840,203,-307,-244
382,5536,14928,-3932,-1856,306,36,-46
383,5648,15124,-4108,-1824,407,46,-7
384,5576,15432,-4252,-1872,656,363,26
385,5248,15516,-4236,-1840,552,148,101
386,5548,15272,-4256,-1808,401,-64,15
387,5508,15176,-4484,-1840,534,-148,-12
388,5768,14980,-4200,-1824,330,-456,-119
389,5952,14856,-4268,-1840,355,-485,-14
390,5724,15012,-4396,-1840,197,-335,147
391,5376,15128,-4344,-1856,255,-389,138
392,5416,15268,-4452,-1840,85,-599,45
393,5620,15444,-4216,-1840,49,-510,-124
394,5388,15308,-4252,-1840,123,-373,-101
395,5652,15144,-4340,-1824,105,-518,-176
396,5784,14968,-4376,-1840,-58,-637,-251
397,5776,14948,-4476,-1840,40,-534,-41
398,5640,15140,-4208,-1840,62,-569,64
399,5484,15092,-4172,-1856,128,-513,84
400,5316,15188,-4024,-1840,276,-253,61
401,5356,15428,-4056,-1840,296,-204,93
402,5436,15172,-4280,-1808,247,-82,105
403,5480,15388,-4092,-1840,442,57,35
404,5388,15264,-4476,-1824,251,-10,92
405,5544,15152,-4188,-1856,331,97,121
406,5416,15188,-4164,-1824,416,80,74
407,5472,15248,-4396,-1808,156,-297,-61
408,5544,15016,-4200,-1840,329,-61,-106
409,5492,15172,-4348,-1824,256,-200,-80
410,5556,15104,-4080,-1840,233,-271,-207
411,5524,15124,-4188,-1872,229,-193,-215
412,5572,15196,-4212,-1840,190,-222,-119
413,5472,15136,-4112,-1856,193,-224,-30
414,5384,15304,-4292,-1856,236,-161,-6
415,5448,15276,-4260,-1824,192,-246,19
416,5364,15140,-4180,-1840,282,-208,106
417,5440,15172,-4380,-1840,259,-182,120
418,5596,15260,-4176,-1856,333,-214,106
419,5540,15220,-4324,-1824,327,-126,162
420,5456,15168,-4288,-1808,275,-103,135
421,5624,15172,-4320,-1840,343,-179,5
422,5592,15216,-4180,-1840,296,-133,-83
423,5496,15252,-4200,-1856,354,-144,-75
424,5608,15140,-4148,-1856,376,-179,-119
425,5684,15076,-4200,-1808,418,-41,-223
426,5580,15208,-4260,-1824,594,163,-85
427,5600,15152,-4256,-1856,761,306,-53
428,5544,15304,-4380,-1824,767,250,-81
429,5628,15324,-4736,-1824,660,68,-154
430,5648,15276,-4608,-1824,437,-302,-214
431,5664,15136,-4760,-1840,425,-591,-251
432,5636,15004,-4692,-1808,249,-856,-148
433,5728,14760,-4436,-1840,84,-1150,55
434,5556,14904,-4476,-1824,74,-1118,233
435,5512,14940,-4460,-1856,22,-1001,236
436,5532,15036,-4236,-1808,131,-748,201
437,5472,15200,-4532,-1840,64,-713,215
438,5256,15044,-4496,-1840,65,-612,299
439,5148,15148,-4452,-1840,84,-479,345
440,5332,15228,-4444,-1840,223,-392,276
441,5292,15224,-4548,-1856,153,-383,203
442,5404,15200,-4456,-1840,257,-197,122
443,5492,14996,-4360,-1872,176,-194,27
444,5528,15008,-4364,-1840,380,89,-41
445,5476,15028,-4552,-1840,324,74,-78
446,5452,15124,-4476,-1840,359,156,-151
447,5432,15244,-4396,-1840,232,136,-225
448,5532,15192,-4424,-1856,445,306,-298
449,5408,15284,-4460,-1824,205,137,-308
450,5428,15036,-4612,-1840,224,133,-245
451,5412,14948,-4624,-1840,224,135,-219
452,5492,15132,-4688,-1792,168,-108,-158
453,5496,15016,-4516,-1840,124,-171,-49
454,5312,14800,-4480,-1872,44,-298,177
455,5516,14824,-4400,-1856,62,-477,7
456,5572,14984,-4288,-1840,28,-580,-3
457,5844,15416,-4416,-1856,-125,-603,87
458,5508,15344,-4576,-1840,-431,-560,194
459,5148,15216,-4520,-1856,-98,-220,267
460,5220,15408,-4484,-1840,157,-157,148
461,5148,15368,-4280,-1840,399,4,318
462,5380,15472,-4208,-1824,666,145,228
463,5488,15528,-4204,-1824,471,-23,-64
464,5628,15040,-4128,-1856,544,242,-267
465,5620,14956,-4228,-1808,661,442,-202
466,5760,14952,-4164,-1872,520,329,-198
467,5860,14792,-4348,-1824,463,326,-389
468,5652,14988,-4216,-1840,400,255,-197
469,5544,15088,-4216,-1840,230,169,-65
470,5576,15204,-4416,-1840,169,88,-25
471,5528,15296,-4400,-1872,96,-29,-90
472,5528,15220,-4440,-1808,63,-139,-64
473,5560,15116,-4344,-1872,64,-256,37
474,5636,15196,-4436,-1856,142,-369,65
475,5528,15232,-4184,-1824,64,-754,104
476,5120,16128,-4212,-1840,479,90,-138
477,5200,16052,-4460,-1840,1074,-1104,-779
478,4684,15320,-4108,-1840,587,-1932,-868
479,3764,16040,-3904,-1856,1376,-1672,-1368
480,5460,13560,-4944,-1856,643,-1822,-806
481,5904,14352,-4924,-1824,2481,152,-1225
482,5492,14876,-4248,-1872,1298,178,-924
483,5296,14444,-4808,-1824,455,352,-534
484,4860,15112,-4592,-1872,-72,492,-427
485,4656,15148,-4804,-1856,-463,339,229
486,4712,15344,-5316,-1856,-533,229,195
487,4604,15944,-5440,-1840,-1427,-319,-76
488,4760,15580,-4948,-1856,-1095,-413,-140
489,4896,15444,-4540,-1856,-1471,-715,59
490,4980,15400,-4024,-1840,-1231,-729,512
491,4864,15248,-3796,-1872,-680,-216,578
492,5176,14772,-4156,-1824,-715,-581,679
493,5144,14912,-3960,-1840,-343,-54,413
494,5188,15320,-3972,-1840,-18,459,211
495,4896,15628,-3852,-1872,306,1120,417
496,5272,15632,-4180,-1824,527,1523,598
497,5108,16052,-3796,-1856,447,1459,342
498,5288,15260,-3984,-1840,395,1359,57
499,5408,15192,-3868,-1840,374,1234,-53
500,5376,15100,-4064,-1872,343,1291,64
501,5252,15112,-4044,-1856,615,1322,119
502,5188,15196,-4084,-1856,401,859,116
503,5372,15392,-4084,-1856,507,636,115
504,5264,15352,-4100,-1824,553,421,127
505,5416,15392,-3944,-1856,508,72,100
506,5404,15280,-4144,-1824,571,85,53
507,5488,15272,-3980,-1840,305,-321,64
508,5480,15276,-4052,-1872,317,-253,71
509,5604,15188,-4148,-1840,221,-451,62
510,5400,15168,-3856,-1840,256,-427,81
511,5408,15284,-4016,-1840,119,-630,-40
512,5644,15264,-3784,-1856,174,-525,-57
513,5432,15216,-3972,-1840,190,-306,13
514,5412,15172,-3996,-1840,120,-318,137
515,5456,15232,-3756,-1840,200,-227,-109
516,5332,15384,-3652,-1824,300,-147,-146
517,5340,15304,-3932,-1856,374,80,-105
518,5300,15316,-4084,-1872,422,-15,11
519,5404,15228,-3892,-1808,275,-29,-71
520,5400,15048,-4000,-1856,357,28,5
521,5260,14836,-3848,-1824,114,-115,159
522,5280,15380,-4264,-1840,989,487,-56
523,5504,15464,-4352,-1840,752,5,-447
524,5540,15580,-4224,-1840,129,-789,-130
525,5764,15476,-4064,-1792,437,-339,123
526,5356,15176,-4036,-1872,718,34,21
527,5436,15104,-3960,-1824,820,-197,-58
528,5704,15180,-4000,-1856,661,-564,-114
529,5620,14940,-4148,-1808,405,-430,-22
530,5320,14964,-4396,-1856,541,-393,-38
531,5580,15148,-4244,-1840,89,-888,-233
532,5364,15240,-4264,-1840,-66,-982,163
533,5136,15336,-4496,-1856,99,-631,467
534,4952,15516,-4284,-1856,189,-794,359
535,5084,15384,-4264,-1840,194,-862,184
536,5228,15348,-3860,-1840,223,-643,194
537,5316,15436,-4124,-1856,165,-467,135
538,5312,15152,-4132,-1840,289,-268,-73
539,5524,15036,-4340,-1840,345,-166,-215
540,5516,15140,-4220,-1824,324,-84,-245
541,5464,15084,-4232,-1840,261,-109,-212
542,5444,15112,-4344,-1856,288,14,-226
543,5432,15352,-4256,-1856,269,27,-249
544,5364,15304,-4324,-1824,71,42,-196
545,5336,15288,-4196,-1840,-1,114,-114
546,5288,15308,-4156,-1824,119,120,-166
547,5384,15284,-4192,-1856,53,-39,-103
548,5360,15292,-4348,-1856,141,-19,33
549,5348,15184,-4452,-1824,109,-212,253
550,5348,15264,-4236,-1840,90,-445,264
551,5352,15216,-4152,-1840,200,-473,255
552,5348,15284,-4024,-1840,224,-476,257
553,5420,15328,-4028,-1856,250,-454,211
554,5344,15200,-4032,-1872,169,-468,116
555,5388,15204,-4176,-1840,247,-310,1
556,5456,15176,-4324,-1840,321,-164,-67
557,5440,15388,-4108,-1840,393,-59,-197
558,5112,15444,-4264,-1824,413,63,-155
559,5232,15308,-4300,-1856,601,119,-228
560,5332,15352,-4240,-1808,751,195,-296
561,5212,15272,-4292,-1824,777,55,-256
562,5512,15160,-4336,-1808,618,-170,-334
563,5656,15380,-4516,-1840,602,-372,-449
564,5696,15340,-4548,-1824,457,-387,-487
565,5344,15104,-4556,-1840,304,-532,-191
566,5136,14900,-4552,-1856,65,-836,-71
567,5168,14892,-4544,-1856,13,-1066,-79
568,5160,15036,-4380,-1840,-58,-1012,125
569,5224,15036,-4392,-1824,-167,-930,313
570,5084,15200,-4276,-1840,-145,-736,362
571,5136,15268,-4452,-1888,44,-458,234
572,4972,15360,-4476,-1824,91,-337,353
573,4956,15372,-4380,-1856,135,-390,367
574,4992,15284,-4280,-1840,243,-227,261
575,5040,15120,-4120,-1840,261,-208,174
576,5100,15232,-4092,-1856,367,64,145
577,5196,15232,-4252,-1840,345,260,182
578,5216,15188,-4048,-1840,132,196,-34
579,5260,15288,-4212,-1856,322,473,-186
580,5260,15244,-4188,-1824,236,411,-260
581,5256,15300,-4352,-1840,310,411,-234
582,5120,15132,-4392,-1840,88,62,-214
583,5484,15332,-4276,-1840,199,94,-286
584,5280,15232,-4224,-1840,144,2,-209
585,5288,15204,-4160,-1872,246,-17,-104
586,5220,15272,-4388,-1856,256,-204,-173
587,5164,15156,-4264,-1808,262,-139,-122
588,5284,15352,-4396,-1856,436,-156,3
589,5208,15172,-4396,-1856,277,-255,115
590,5136,15204,-4412,-1824,409,-230,114
591,5176,15100,-4376,-1808,171,-395,225
592,5368,15148,-4192,-1856,343,-318,81
593,5072,14660,-4080,-1824,-181,-728,200
594,5484,14944,-4016,-1872,201,-288,69
595,5448,15476,-4116,-1840,58,-285,-19
596,5324,15700,-4368,-1824,-365,-368,39
597,5040,15556,-4312,-1824,-153,42,156
598,4792,15548,-4248,-1840,-16,38,-53
599,4860,15556,-4092,-1856,185,114,-188
600,5088,15680,-4060,-1808,482,307,-87
601,5116,15300,-3996,-1840,458,326,-23
602,5372,15288,-4132,-1840,717,517,-260
603,5416,15376,-4252,-1888,667,436,-403
604,5476,14976,-4256,-1808,555,416,-270
605,5524,14936,-4172,-1840,756,529,-130
606,5496,15072,-4064,-1792,540,213,-204
607,5388,15144,-4152,-1840,486,205,-208
608,5440,15316,-4264,-1840,242,106,-19
609,5248,15176,-4352,-1824,133,5,91
610,5240,15176,-4240,-1824,145,-61,28
611,5276,15400,-4216,-1824,146,-253,-7
612,5264,15348,-4460,-1824,64,-462,138
613,5200,15168,-4224,-1808,137,-534,262
614,5252,15260,-4200,-1840,227,-640,263
615,5208,15204,-4212,-1856,265,-579,125
616,5276,15316,-4132,-1824,257,-470,193
617,5256,15216,-3988,-1840,258,-303,158
618,5128,15356,-4164,-1824,331,-120,-21
619,5124,15192,-4360,-1856,313,-6,-124
620,5196,15352,-4396,-1856,314,79,-130
621,5280,15188,-4308,-1824,241,99,-185
622,5312,15276,-4324,-1808,282,103,-266
623,5296,15212,-4284,-1872,195,56,-272
624,5320,15300,-4240,-1808,207,-67,-279
625,5152,15096,-4268,-1856,113,-237,-187
626,5160,15116,-4160,-1840,303,-150,-194
627,5232,15440,-4228,-1824,255,-323,-226
628,5240,15280,-4108,-1872,217,-258,-220
629,5144,15132,-4248,-1824,67,-400,-100
630,5392,15008,-3992,-1808,-58,-420,-104
631,5140,14992,-4108,-1856,6,-227,120
632,5192,15320,-3800,-1824,-122,-170,303
633,5100,15532,-4012,-1840,-67,149,313
634,4988,15352,-3688,-1840,-30,523,438
635,5136,15520,-3904,-1840,481,1082,373
636,5048,15536,-3908,-1808,438,1281,213
637,5252,15376,-3832,-1824,598,1380,200
638,5408,15080,-4084,-1840,613,1289,172
639,5484,15196,-4200,-1840,667,1232,77
640,5396,15208,-4232,-1808,665,989,64
641,5504,15220,-4448,-1808,544,689,49
642,5516,15228,-4324,-1840,538,411,-61
643,5528,15232,-4332,-1840,376,37,-153
644,5416,15256,-4236,-1840,425,-80,-142
645,5628,15348,-4064,-1840,188,-365,-169
646,5680,15272,-4080,-1824,212,-413,-227
647,5384,15168,-3916,-1808,180,-313,-115
648,5464,15120,-3988,-1824,106,-603,-38
649,5560,15052,-3952,-1840,156,-517,-82
650,5452,15164,-4192,-1824,138,-556,-61
651,5356,15168,-3932,-1856,92,-511,73
652,5452,15320,-4092,-1824,278,-571,92
653,5392,15136,-3892,-1856,151,-459,-25
654,5308,15244,-3920,-1840,360,-335,115
655,5332,15144,-3892,-1840,278,-157,53
656,5140,14676,-4232,-1808,810,282,18
657,5484,15028,-3968,-1840,764,337,-373
658,5696,15588,-4020,-1824,933,249,-59
659,5480,15928,-4460,-1824,675,603,292
660,5152,15928,-4384,-1840,989,737,253
661,4884,15448,-4624,-1856,846,137,-239
662,5320,15000,-4628,-1840,758,-657,-501
663,5852,14712,-4472,-1840,414,-1034,-431
664,5716,14768,-4348,-1808,345,-954,-341
665,5632,14836,-4128,-1824,-120,-1318,-277
666,5496,15008,-4280,-1824,-213,-1342,-47
667,5092,15100,-4012,-1824,-241,-1162,108
668,5128,15192,-4196,-1840,-53,-938,185
669,5112,15344,-4068,-1856,-147,-806,130
670,5068,15432,-4248,-1808,-213,-581,152
671,5128,15208,-4412,-1856,-248,-426,180
672,5280,15208,-4292,-1808,-72,-346,144
673,5272,15276,-4304,-1840,129,-117,100
674,5272,15468,-4356,-1824,214,-114,162
675,5196,15344,-4248,-1840,383,20,149
676,5260,15264,-4176,-1808,409,138,-7
677,5280,15300,-4292,-1824,470,206,-136
678,5300,15132,-4444,-1840,431,216,-260
679,5308,15136,-4368,-1872,438,151,-342
680,5384,15152,-4288,-1840,348,81,-276
681,5288,15136,-4308,-1824,238,-72,-119
682,5196,15128,-4244,-1824,223,-84,45
683,5160,15560,-4168,-1824,203,-184,36
684,5080,15444,-4412,-1824,113,-212,38
685,4940,15204,-4256,-1840,102,-228,106
686,5116,15212,-4308,-1840,160,-294,90
687,5260,15220,-4080,-1808,167,-270,68
688,5280,15160,-4256,-1872,265,-203,192
689,5168,15248,-4388,-1824,276,-232,168
690,5256,15280,-4148,-1840,213,-303,65
691,5324,15300,-4136,-1808,199,-264,13
692,5308,15228,-4328,-1840,186,-264,17
693,5288,15188,-4224,-1840,218,-225,-104
694,5260,15304,-4324,-1824,214,-171,-228
695,5228,15220,-4328,-1840,219,-67,-130
696,5300,15328,-4200,-1856,258,-116,-122
697,5232,15176,-4140,-1840,279,-34,-122
698,5312,15312,-4184,-1872,268,-107,-44
699,5120,15376,-4448,-1856,272,-79,71
700,5196,15224,-4180,-1840,299,-124,101
701,5312,15148,-4264,-1824,287,-223,70
702,5264,15228,-4236,-1808,316,-129,80
703,5216,15240,-4316,-1840,221,-155,206
704,5132,15188,-4136,-1840,227,-165,166
705,5312,15276,-4232,-1856,243,-149,18
706,5384,15268,-4192,-1856,207,-186,-11
707,5308,15124,-4296,-1840,207,-173,9
708,5340,15072,-4184,-1856,212,-196,-33
709,5288,15316,-4256,-1840,250,-127,-126
710,5292,15316,-4216,-1824,208,-166,-89
711,5264,15296,-4296,-1872,241,-155,-82
712,5224,15408,-4128,-1808,394,41,-57
713,5240,15516,-4060,-1840,635,282,-80
714,5040,15296,-4312,-1808,832,492,105
715,5264,15372,-4160,-1872,794,228,-26
716,5504,15260,-4472,-1840,772,37,-374
717,5600,15052,-4504,-1808,636,-220,-253
718,5552,14860,-4556,-1808,477,-478,-100
719,5440,15128,-4460,-1824,325,-759,-28
720,5280,15140,-4400,-1824,163,-943,24
721,5196,15236,-4372,-1856,48,-995,127
722,5192,15292,-4288,-1824,-6,-1076,112
723,5136,15200,-4364,-1840,-24,-837,148
724,5112,15148,-4416,-1824,42,-652,226
725,4952,15272,-4284,-1824,52,-633,250
726,5112,15236,-4516,-1824,105,-490,249
727,5116,15316,-4568,-1808,273,-366,220
728,5164,15116,-4528,-1808,239,-346,241
729,5264,15232,-4352,-1824,363,-305,108
730,5292,15136,-4336,-1824,279,-216,53
731,5344,14964,-4280,-1824,262,-109,-85
732,5460,15264,-4192,-1840,302,-40,-174
733,5296,15152,-4524,-1840,190,-21,-237
734,5088,15108,-4460,-1856,278,143,-142
735,4996,15356,-4516,-1840,202,34,-137
736,5216,15336,-4512,-1808,256,17,-156
737,5212,15232,-4588,-1840,120,-146,-170
738,5412,15044,-4396,-1856,136,-81,-24
739,5344,15248,-4348,-1824,132,-161,14
740,5092,15344,-4408,-1824,131,-119,111
741,5192,15120,-4468,-1824,116,-241,186
742,5152,15444,-4264,-1808,250,-196,153
743,5336,15392,-4468,-1808,200,-273,65
744,5360,15112,-4408,-1856,259,-145,174
745,5388,15508,-4368,-1856,224,-266,36
746,5260,15212,-4344,-1824,196,-255,40
747,5200,15276,-4372,-1856,250,-218,89
748,5184,15296,-4316,-1840,188,-303,-34
749,5376,15308,-4432,-1840,308,-72,-114
750,5200,15232,-4496,-1840,227,-101,-71
751,5688,15204,-4604,-1856,232,5,181
752,5116,15328,-4508,-1840,261,-36,-389
753,5308,15176,-4356,-1824,96,-145,69
754,5248,15048,-4404,-1840,389,-100,-50
755,4908,14800,-4108,-1824,194,-315,101
756,5324,15072,-4344,-1840,389,-196,99
757,5488,15092,-4052,-1840,192,-357,-154
758,5608,15396,-4276,-1824,-186,-337,90
759,5124,15476,-4556,-1856,-244,-137,220
760,5044,15208,-4256,-1840,-286,-6,231
761,4804,15568,-4448,-1840,355,153,231
762,5116,15748,-4276,-1840,385,262,144
763,4976,15632,-4156,-1856,632,280,178
764,5392,15308,-4280,-1808,595,437,-255
765,5476,15184,-4388,-1824,890,614,-448
766,5500,15052,-4432,-1840,744,607,-370
767,5348,14932,-4448,-1840,892,672,-287
768,5368,15216,-4452,-1856,807,357,-434
769,5568,15148,-4268,-1840,640,274,-542
770,5352,15072,-4172,-1808,467,184,-279
771,5528,15048,-4412,-1856,336,92,-257
772,5324,15132,-4344,-1824,225,27,-244
773,5192,15108,-4416,-1856,75,-138,-162
774,5276,15164,-4468,-1840,34,-322,81
775,5300,15192,-4512,-1824,99,-361,221
776,5112,15272,-4512,-1840,125,-563,263
777,5176,15104,-4500,-1840,110,-584,445
778,5284,15312,-4348,-1824,260,-482,419
779,5288,15292,-4424,-1824,227,-373,337
780,5268,15208,-4380,-1808,305,-198,335
781,5256,15236,-4288,-1824,285,-126,209
782,5244,15200,-4396,-1856,263,-53,60
783,5304,15116,-4388,-1824,254,-4,-64
784,5212,15196,-4384,-1808,177,-52,-107
785,5384,15240,-4300,-1824,146,-3,-228
786,5312,15188,-4360,-1824,211,62,-257
787,5212,15220,-4248,-1808,239,28,-308
788,5216,15288,-4432,-1808,170,-116,-303
789,5292,15136,-4364,-1856,66,-406,-336
790,5332,15136,-4512,-1824,38,-647,-299
791,5236,15088,-4324,-1840,-1,-692,-187
792,5064,15176,-4160,-1824,54,-712,-13
793,5224,15388,-4216,-1856,34,-556,80
794,5004,15480,-4144,-1872,216,-245,140
795,5076,15420,-4020,-1856,179,-49,32
796,5176,15060,-4172,-1824,273,143,160
797,5368,15156,-4140,-1824,294,332,109
798,5448,15068,-4060,-1824,225,580,4
799,5332,15344,-4136,-1840,352,751,120
800,5400,15456,-4384,-1824,274,829,82
801,5000,15476,-4392,-1840,597,1007,59
802,5220,15248,-4312,-1808,412,641,-84
803,5272,15140,-4188,-1808,752,750,-161
804,5316,15164,-4368,-1824,560,622,-65
805,5416,14940,-4148,-1824,404,414,-91
806,5508,15120,-4344,-1824,382,315,-4
807,5600,15048,-4472,-1856,167,169,23
808,5332,15192,-4548,-1824,250,59,291
809,5236,15300,-4248,-1840,-63,-381,319
810,5212,15356,-4328,-1856,202,-305,323
811,5360,15444,-4152,-1808,-101,-490,279
812,5296,15168,-4236,-1824,231,-343,379
813,5488,15312,-4104,-1840,159,-319,182
814,5356,15192,-4020,-1840,237,-269,94
815,5572,15096,-4304,-1840,322,-215,54
816,5600,15172,-4132,-1840,292,-210,-43
817,5508,15036,-4172,-1856,421,-98,-110
818,5452,15024,-4424,-1840,377,-129,-214
819,5400,15188,-4200,-1856,338,-177,-214
820,5456,15204,-3960,-1872,350,-69,-323
821,5448,15136,-4324,-1856,193,-188,-264
822,5524,15160,-4208,-1808,239,-74,-234
823,5312,15236,-4292,-1840,180,-186,-85
824,5304,15332,-4328,-1824,250,-139,-57
825,5460,15136,-4324,-1824,145,-366,-13
826,5452,15240,-4120,-1872,295,-347,-5
827,5428,15096,-4052,-1872,218,-172,165
828,5336,14964,-4196,-1872,284,-277,242
829,5528,14672,-3968,-1824,406,194,206
830,5708,15528,-4040,-1824,908,777,182
831,5292,15544,-4400,-1824,888,890,414
832,5272,15788,-4552,-1856,854,834,506
833,5020,15684,-4816,-1824,792,466,66
834,5296,15160,-4684,-1824,697,-15,-335
835,5900,15008,-4556,-1840,389,-686,-483
836,5996,14680,-4556,-1856,282,-659,-467
837,5772,14492,-4364,-1808,62,-974,-385
838,5860,14532,-4352,-1840,-160,-1385,-410
839,5600,14960,-4284,-1840,-108,-1170,-82
840,5300,15316,-4320,-1840,-117,-957,151
841,5112,15512,-4308,-1840,-140,-997,171
842,5060,15340,-4432,-1824,-205,-889,25
843,5156,15312,-4332,-1840,-115,-655,216
844,5164,15428,-4352,-1824,-60,-668,313
845,5292,15192,-4116,-1808,-36,-504,402
846,5408,14936,-4212,-1840,81,-302,435
847,5548,15188,-4140,-1840,212,-128,417
848,5428,15168,-4284,-1824,266,143,347
849,5280,15296,-4204,-1856,292,219,177
850,5396,15304,-4344,-1856,323,277,-75
851,5512,15172,-4284,-1856,388,333,-302
852,5636,15020,-4488,-1840,282,207,-330
853,5512,15088,-4316,-1840,212,159,-278
854,5468,15072,-4284,-1824,158,52,-203
855,5580,15252,-4316,-1824,177,16,-193
856,5412,15276,-4276,-1824,141,-45,-83
857,5304,15180,-4216,-1856,155,-85,-22
858,5424,15272,-4012,-1856,211,-91,-18
859,5440,15084,-4224,-1824,284,-43,106
860,5488,15280,-4112,-1872,246,-224,241
861,5360,15104,-4432,-1840,227,-217,389
862,5580,15096,-4240,-1824,288,-276,360
863,5536,15272,-4192,-1856,304,-402,230
864,5672,15084,-4472,-1840,265,-300,205
865,5576,15076,-4272,-1872,313,-276,151
866,5620,15292,-4284,-1824,258,-325,-34
867,5616,15044,-4068,-1856,323,-225,-180
868,5484,15028,-4132,-1808,317,-221,-209
869,5636,15132,-4052,-1824,401,-60,-267
870,5500,15204,-4188,-1840,524,203,-276
871,5448,15448,-4240,-1824,631,402,-194
872,5308,15512,-4552,-1824,732,498,-135
873,5552,15464,-4564,-1840,946,341,-269
874,5608,15088,-4716,-1840,809,77,-299
875,5748,15156,-4756,-1840,799,-152,-184
876,5728,15068,-4660,-1824,453,-594,-112
877,5444,14768,-4580,-1808,226,-798,165
878,5540,14712,-4444,-1824,213,-932,202
879,5492,14832,-4516,-1840,-3,-1044,188
880,5340,14984,-4256,-1840,22,-764,290
881,5352,15016,-4340,-1840,-10,-516,366
882,5252,15260,-4280,-1856,-18,-447,239
883,5240,15348,-4436,-1840,67,-299,175
884,5464,15284,-4560,-1840,45,-269,136
885,5384,15284,-4656,-1840,36,-227,20
886,5476,14980,-4632,-1840,177,-163,-57
887,5516,15188,-4392,-1840,242,-123,-143
888,5412,15116,-4540,-1856,302,-41,-138
889,5484,14912,-4328,-1840,394,55,-201
890,5624,14968,-4332,-1840,427,35,-377
891,5576,14944,-4412,-1872,376,267,-254
892,5448,15080,-4668,-1808,417,168,-167
893,5232,15108,-4560,-1856,142,18,-11
894,5416,15356,-4628,-1856,224,-107,-139
895,5268,15016,-4724,-1840,19,-121,-15
896,5220,15032,-4496,-1808,237,-81,167
897,5476,15160,-4500,-1808,138,-371,54
898,5580,15092,-4528,-1808,241,-206,-102
899,5476,14920,-4296,-1856,188,-113,180
900,5420,15432,-4428,-1808,437,-19,146
901,5188,15032,-4576,-1840,220,-315,-87
902,5112,14712,-4224,-1840,140,-519,25
903,5720,15060,-4544,-1856,207,-577,-303
904,5780,14912,-4276,-1840,-126,-668,-364
905,5552,15560,-4488,-1824,43,-220,-31
906,5184,15672,-4660,-1840,-445,-541,62
907,4848,15252,-4340,-1840,-342,-618,-36
908,5292,15540,-4312,-1824,-65,-378,-153
909,5160,15276,-3920,-1840,204,-16,128
910,5164,15356,-3988,-1840,594,483,90
911,5128,15364,-3956,-1840,771,695,-62
912,5348,15272,-4212,-1840,875,887,-103
913,5472,15532,-4596,-1824,894,765,-180
914,5616,14992,-4428,-1824,816,587,-246
915,5592,14784,-4460,-1808,811,420,-374
916,5656,14956,-4392,-1840,546,245,-233
917,5544,15092,-4520,-1824,438,96,-129
918,5432,15036,-4344,-1856,160,-64,-161
919,5320,15136,-4380,-1808,173,4,-153
920,5348,15136,-4332,-1792,95,-234,-121
921,5392,15336,-4528,-1872,27,-421,-25
922,5144,15232,-4528,-1872,71,-456,96
923,5348,15108,-4376,-1840,169,-568,249
924,5224,15292,-4320,-1840,248,-592,283
925,5188,15296,-4488,-1824,361,-415,304
926,5244,15324,-4364,-1840,393,-388,314
927,5344,15264,-4340,-1840,380,-284,150
928,5384,15128,-4488,-1872,383,-141,68
929,5364,15056,-4532,-1856,273,-138,47
930,5436,14992,-4392,-1856,245,-98,-30
931,5372,15080,-4496,-1824,316,56,-134
932,5500,15016,-4292,-1856,199,39,-165
933,5376,15096,-4280,-1856,201,136,-214
934,5420,15200,-4604,-1808,157,114,-297
935,5336,15044,-4468,-1840,247,242,-269
936,5516,15116,-4292,-1824,305,60,-182
937,5404,15132,-4656,-1856,263,97,-131
938,5192,15080,-4432,-1856,323,124,109
939,5304,15332,-4524,-1792,248,-270,181
940,5308,15216,-4488,-1872,234,-204,163
941,5228,15216,-4516,-1824,230,-247,307
942,5380,15272,-4332,-1856,216,-322,295
943,5408,15220,-4276,-1840,252,-161,169
944,5436,15172,-4468,-1872,223,-154,139
945,5376,15056,-4600,-1856,256,-138,141
946,5528,15168,-4528,-1840,205,-144,19
947,5392,15180,-4412,-1808,303,-112,-80
948,5348,15252,-4592,-1840,243,-201,-160
949,5388,15208,-4376,-1824,262,-84,-260
950,5284,15228,-4428,-1840,278,-82,-264
951,5400,15088,-4404,-1840,325,16,-259
952,5488,15248,-4376,-1824,269,-99,-188
953,5416,15060,-4464,-1792,210,-25,-99
954,5340,15176,-4448,-1808,280,-23,-46
955,5268,15344,-4320,-1840,148,-200,-9
956,5300,15236,-4492,-1840,223,-66,53
957,5360,15116,-4528,-1840,220,-147,156
958,5376,15128,-4344,-1840,255,-159,135
959,5448,15156,-4308,-1824,280,-162,104
960,5460,15144,-4208,-1808,259,-165,161
961,5496,15216,-4340,-1840,266,-199,98
962,5416,15192,-4452,-1840,248,-208,-39
963,5448,15252,-4424,-1824,234,-270,-122
964,5408,15100,-4404,-1840,197,-309,-132
965,5460,15284,-4404,-1856,329,-226,-160
966,5252,15288,-4464,-1840,237,-256,-152
967,5464,14884,-4364,-1824,390,-299,-251
968,5288,15236,-4312,-1840,-124,-305,-94
969,5456,14732,-4252,-1824,502,-46,-253
970,5304,15464,-4484,-1840,403,-32,-797
971,5268,15200,-4532,-1840,465,195,-681
972,5052,15400,-4572,-1824,-81,-93,215
973,5380,15088,-4420,-1824,52,-210,740
974,5348,15180,-4344,-1856,380,-3,-502
975,5288,15212,-4372,-1824,344,-25,-212
976,5164,15220,-4516,-1840,192,-197,534
977,5244,15192,-4544,-1856,100,-328,759
978,5400,15252,-4412,-1856,207,-296,321
979,5404,15100,-4540,-1840,221,-351,157
980,5288,15260,-4440,-1808,272,-339,365
981,5336,15112,-4420,-1856,285,-274,-79
982,5368,15132,-4420,-1856,242,-186,-158
983,5164,15388,-4460,-1856,107,-264,5
984,5224,15244,-4532,-1808,208,-212,-183
985,5148,15132,-4416,-1824,260,-140,-355
986,5464,15288,-4544,-1808,221,-192,-130
987,5168,15264,-4532,-1824,201,-144,-246
988,5184,15172,-4496,-1840,126,-263,-7
989,5292,15172,-4388,-1824,249,-258,-268
990,5304,15056,-4376,-1840,346,-92,-117
991,5336,15328,-4432,-1840,320,-134,94
992,5264,15252,-4496,-1840,297,-152,139
993,5204,15220,-4512,-1824,255,-175,160
994,5304,15192,-4408,-1840,247,-220,143
995,5368,15328,-4376,-1824,194,-203,155
996,5356,15072,-4184,-1792,282,-170,7
997,5292,15132,-4360,-1856,218,-112,124
998,5204,15112,-4344,-1856,238,9,194
999,5356,15332,-4568,-1888,219,-158,92
1000,5276,15252,-4472,-1792,237,-116,-20
1001,5240,15260,-4440,-1840,268,-136,-38
1002,5296,15228,-4308,-1856,285,-249,-202
1003,5248,15160,-4444,-1840,252,-130,-184
1004,5284,15176,-4384,-1808,249,-95,-60
1005,5340,15220,-4372,-1840,257,-186,-65
1006,5312,15232,-4396,-1824,273,-127,-181
1007,5304,15172,-4400,-1856,258,-189,-20
1008,5464,15224,-4540,-1840,234,-203,35
1009,5360,15164,-4400,-1808,210,-180,77
1010,5280,15228,-4432,-1824,184,-231,115
1011,5268,15220,-4424,-1840,215,-163,111
1012,5256,15136,-4520,-1824,251,-178,106
1013,5316,15240,-4492,-1840,289,-216,105
1014,5416,15112,-4504,-1888,266,-103,64
1015,5384,15196,-4620,-1840,213,-98,62
1016,5260,15168,-4508,-1840,225,-77,75
1017,5196,15212,-4452,-1840,202,-202,-32
1018,5356,15200,-4372,-1824,230,-176,-121
1019,5340,15196,-4408,-1824,206,-152,-98
1020,5372,15132,-4392,-1808,213,-186,-58
1021,5300,15196,-4368,-1856,187,-152,-129
1022,5280,15176,-4300,-1840,201,-147,-1
1023,5260,15180,-4364,-1824,222,-217,33
1024,5372,15132,-4360,-1840,246,-212,21
1025,5224,15308,-4328,-1840,263,-225,86
1026,5276,15228,-4488,-1872,191,-231,140
1027,5320,15176,-4424,-1840,231,-210,143
1028,5384,15168,-4468,-1856,284,-160,52
1029,5272,15160,-4476,-1840,236,-137,134
1030,5328,15172,-4272,-1824,266,-113,121
1031,5316,15232,-4328,-1840,287,-41,51
1032,5284,15208,-4400,-1840,247,-105,42
1033,5276,15204,-4528,-1872,282,-117,-45
1034,5416,15256,-4496,-1856,230,-89,-161
1035,5416,15040,-4440,-1840,239,-30,-99
1036,5420,15104,-4388,-1856,261,-114,-50
1037,5476,15244,-4380,-1840,238,-30,-107
1038,5312,15200,-4384,-1856,130,-54,-24
1039,5376,15200,-4460,-1840,172,-152,32
1040,5364,15192,-4408,-1872,171,-192,-33
1041,5348,15172,-4364,-1856,183,-232,53
1042,5388,15148,-4208,-1840,145,-236,158
1043,5480,15120,-4316,-1840,202,-185,146
1044,5408,15244,-4380,-1840,177,-221,89
1045,5360,15144,-4384,-1872,148,-190,170
1046,5388,15264,-4348,-1824,194,-265,86
1047,5456,15224,-4288,-1840,202,-222,42
1048,5336,15176,-4188,-1872,199,-186,52
1049,5332,15304,-4260,-1856,216,-228,8
1050,5392,15184,-4420,-1856,251,-67,-95
1051,5364,15148,-4284,-1840,261,-87,-49
1052,5452,15192,-4364,-1840,271,-137,-105
1053,5388,15212,-4364,-1808,295,-97,-181
1054,5524,15132,-4252,-1824,270,-110,-87
1055,5424,15156,-4312,-1840,247,-89,-30
1056,5416,15136,-4572,-1856,234,-153,-32
1057,5404,15240,-4304,-1840,225,-182,-58
1058,5316,15192,-4428,-1824,221,-252,17
1059,5372,15248,-4228,-1824,257,-198,-17
1060,5340,15124,-4300,-1808,225,-211,31
1061,5512,15160,-4256,-1856,270,-116,98
1062,5488,15176,-4532,-1824,215,-187,70
1063,5380,15116,-4188,-1872,263,-169,51
1064,5440,15228,-4276,-1856,279,-177,20
1065,5508,15324,-4292,-1856,218,-234,-54
1066,5296,15132,-4348,-1840,287,-27,-40
1067,5412,15236,-4340,-1856,295,-143,-36
1068,5544,15204,-4248,-1840,278,-45,-161
1069,5368,15084,-4164,-1808,269,-33,-84
1070,5400,15152,-4448,-1856,236,-77,-5
1071,5352,15248,-4520,-1824,277,-96,-47
1072,5476,15268,-4364,-1840,251,-182,-28
1073,5436,15168,-4448,-1856,256,-168,28
1074,5472,15240,-4400,-1856,294,-174,20
1075,5436,15184,-4468,-1808,320,-167,-56
1076,5472,15180,-4344,-1824,286,-93,89
1077,5396,15240,-4348,-1856,301,-165,37
1078,5436,15168,-4504,-1840,257,-90,56
1079,5388,15252,-4496,-1840,276,-96,64
1080,5388,15236,-4352,-1872,260,-111,8
1081,5428,15136,-4352,-1840,230,-127,-58
1082,5440,15208,-4308,-1824,261,-69,-64
1083,5440,15144,-4476,-1808,303,-109,8
1084,5528,15272,-4448,-1840,256,-132,-107
1085,5408,15192,-4448,-1792,230,-77,-40
1086,5332,15176,-4312,-1808,266,-111,69
1087,5412,15312,-4368,-1808,220,-181,12
1088,5388,15096,-4592,-1856,275,-145,2
1089,5328,15304,-4384,-1824,191,-202,34
1090,5348,15124,-4400,-1840,244,-149,29
1091,5476,15192,-4380,-1840,229,-181,64
1092,5500,15172,-4372,-1856,240,-86,55
1093,5464,15188,-4296,-1856,257,-135,50
1094,5280,15084,-4452,-1856,242,-87,66
1095,5376,15212,-4392,-1840,229,-72,15
1096,5460,15224,-4260,-1840,200,-193,-31
1097,5348,15276,-4336,-1856,226,-85,-110
1098,5340,15104,-4244,-1840,280,-81,18
1099,5524,15188,-4408,-1840,234,-144,-110
1100,5360,15104,-4200,-1856,265,0,-76
1101,5424,15140,-4284,-1840,164,-158,57
1102,5488,15296,-4268,-1824,211,-148,14
1103,5468,15228,-4392,-1808,273,-165,-4
1104,5416,15240,-4408,-1840,173,-290,30
1105,5364,15128,-4172,-1856,281,-171,103
1106,5388,15140,-4376,-1840,221,-241,48
1107,5388,15084,-4328,-1840,232,-85,106
1108,5380,15236,-4376,-1888,295,-98,102
1109,5508,15308,-4448,-1856,221,-104,19
1110,5284,15204,-4352,-1840,218,-99,70
1111,5476,15208,-4268,-1872,225,-190,27
1112,5464,15108,-4312,-1808,223,-145,-84
1113,5460,15072,-4332,-1824,293,-30,-30
1114,5596,15084,-4312,-1840,207,-156,-4
1115,5360,15108,-4264,-1888,211,-44,-75
1116,5468,15176,-4388,-1824,178,-166,-10
1117,5376,15168,-4324,-1840,173,-233,58
1118,5536,15124,-4340,-1824,251,-171,8
1119,5572,15292,-4348,-1824,202,-241,36
1120,5504,15152,-4268,-1856,216,-157,120
1121,5456,15072,-4240,-1840,178,-198,127
1122,5624,15216,-4388,-1824,210,-155,33
1123,5408,15112,-4244,-1840,204,-94,110
1124,5544,15208,-4184,-1840,223,-164,97
1125,5468,15188,-4316,-1856,212,-131,83
1126,5412,15104,-4172,-1824,190,-209,105
1127,5620,15164,-4340,-1840,253,-143,63
1128,5432,15220,-4320,-1824,239,-87,-2
1129,5416,15252,-4216,-1824,186,-126,-39
1130,5456,15044,-4212,-1840,293,-119,4
1131,5596,15156,-4196,-1856,226,-118,-106
1132,5512,15128,-4176,-1840,271,-50,-14
1133,5520,15064,-4116,-1824,254,-115,-11
1134,5620,15088,-4212,-1840,196,-146,-22
1135,5600,15144,-4280,-1824,220,-104,-22
1136,5644,15148,-4292,-1872,160,-244,20
1137,5612,15164,-4136,-1840,224,-165,-3
1138,5508,15152,-4156,-1824,236,-162,1
1139,5596,15204,-4236,-1824,172,-211,66
1140,5592,15048,-4236,-1840,274,-117,114
1141,5652,15260,-4156,-1856,223,-242,63
1142,5380,15128,-4240,-1840,273,-50,86
1143,5404,15188,-4176,-1808,304,-45,96
1144,5520,15252,-4308,-1808,261,-110,-18
1145,5508,15228,-4408,-1824,275,-21,-70
1146,5536,15132,-4264,-1872,239,-147,16
1147,5632,15068,-4236,-1840,275,-68,-113
1148,5620,15164,-4316,-1856ì
Sample,aX,aY,az,Temp,gX,gY,gz
1,6716,14960,-4800,-1840,771,-1249,199
2,6580,15000,-5004,-1856,600,-1458,199
3,6608,14868,-5004,-1856,488,-1667,313
4,6628,14888,-5040,-1824,434,-1913,174
5,6512,14864,-5012,-1840,177,-2223,-95
6,6340,15212,-5048,-1840,-255,-2664,-316
7,6264,15280,-4876,-1872,-749,-2866,-651
8,5864,15484,-4808,-1840,-1080,-3020,-1159
9,5740,15192,-4672,-1840,-1923,-3224,-1558
10,4876,15988,-4296,-1808,-3178,-4164,-1517
11,4508,18332,-3768,-1872,-10867,-7892,-984
12,4904,14612,-3248,-1888,-6666,-1358,-1887
13,3464,14552,-3068,-1824,-559,2095,-3146
14,3816,13236,-3148,-1856,-1187,1618,-3011
15,4452,13088,-2912,-1856,964,2856,-2860
16,4700,13804,-2468,-1808,1843,3693,-2124
17,5200,14964,-2776,-1840,149,3039,-1512
18,5212,16184,-2416,-1856,17,3152,-1550
19,4944,16192,-3100,-1872,-942,3069,-1592
20,4212,16252,-3040,-1856,-449,3225,-1622
21,3776,16124,-3356,-1856,-363,3001,-1291
22,3260,16076,-3724,-1840,182,2754,-942
23,3176,15948,-3368,-1824,351,2199,-404
24,3488,15484,-3236,-1840,548,1600,-18
25,3772,15156,-2936,-1840,906,1288,250
26,4040,15488,-2756,-1840,483,499,743
27,4312,15264,-2764,-1840,460,213,1322
28,4240,15252,-2288,-1840,551,18,1658
29,4420,15692,-2080,-1840,592,158,1723
30,4252,16024,-1840,-1872,805,274,1666
31,4352,15760,-2052,-1840,801,506,1557
32,4152,15456,-1916,-1840,1137,940,1223
33,4392,16168,-2016,-1856,1230,1016,631
34,4788,16356,-2144,-1872,803,891,136
35,4788,16036,-2316,-1888,487,811,-114
36,4816,15804,-2336,-1872,476,1054,-475
37,4736,15760,-2796,-1840,325,991,-724
38,4416,15876,-2616,-1856,150,680,-924
39,4340,16024,-2996,-1856,-32,332,-954
40,4276,15860,-2816,-1824,42,19,-983
41,4164,16100,-2912,-1840,1