                                                                                
Sample,aX,aY,az,Temp,gX,gY,gz                                                   
1,624,16068,-3688,-1648,234,-226,-103                                           
2,728,16120,-3596,-1696,167,-398,-190                                           
3,648,16392,-3672,-1664,33,-641,-340                                            
4,508,16220,-3732,-1648,-140,-856,-364                                          
5,448,16172,-3620,-1680,-311,-937,-354                                          
6,440,15996,-3348,-1664,-275,-817,-420                                          
7,440,16072,-3288,-1696,-235,-665,-410                                          
8,324,15956,-3056,-1648,-151,-531,-304                                          
9,376,16172,-3208,-1680,-54,-352,-302                                           
10,520,16124,-3296,-1680,-83,-263,-335                                          
11,404,16140,-3488,-1712,-20,-181,-329                                          
12,328,16076,-3340,-1648,6,-111,-250                                            
13,316,16084,-3320,-1680,35,-54,-244                                            
14,240,16184,-3188,-1696,86,-124,-258                                           
15,176,16212,-3300,-1664,72,-189,-191                                           
16,216,16192,-3176,-1664,13,-315,-143                                           
17,48,16196,-3212,-1680,12,-422,-135                                            
18,36,16136,-2928,-1680,29,-438,-85                                             
19,112,16116,-3008,-1664,78,-343,-45                                            
20,240,16152,-2788,-1680,131,-269,-51                                           
21,152,16128,-3008,-1712,171,-142,-                                             
                                                                                
124
22,132,16224,-2976,-1680,221,-12,-139
23,-44,16192,-3056,-1680,228,16,-177
24,-76,16228,-3016,-1696,221,-3,-131
25,72,16148,-2948,-1664,184,-44,-37
26,140,16056,-2912,-1680,212,-60,43
27,128,16200,-3052,-1696,337,2,63
28,208,16268,-2952,-1696,381,44,4
29,364,16372,-3288,-1664,419,53,-85
30,220,16056,-3264,-1664,432,35,-96
31,180,16068,-3336,-1712,460,-23,-37
32,-128,16280,-3280,-1648,400,-179,32
33,16,16128,-3172,-1680,412,-235,142
34,40,16132,-3048,-1696,367,-285,224
35,172,16160,-3060,-1680,413,-198,274
36,128,16228,-2920,-1680,441,-91,208
37,260,16204,-3180,-1712,398,-44,83
38,276,16164,-3172,-1680,384,23,3
39,248,16092,-3256,-1680,397,109,6
40,252,16092,-3304,-1696,436,92,-52
41,244,16076,-3212,-1648,361,-20,-108
42,164,16288,-3328,-1648,368,-69,-120
43,244,16128,-3244,-1680,330,-141,-113
44,188,16176,-3304,-1680,407,-135,-102
45,136,16044,-3172,-1680,513,-90,-12
46,84,16172,-3264,-1696,573,-52,56
47,120,16288,-3440,-1648,642,-12,-52
48,196,16212,-3272,-1664,531,-176,-99
49,192,16128,-3336,-1696,474,-178,-42
50,176,16020,-3500,-1664,570,-96,30
51,200,15896,-3404,-1680,663,56,150
52,260,15856,-3388,-1696,855,173,347
53,100,16268,-3440,-1680,1055,245,359
54,72,16376,-3432,-1680,980,165,284
55,224,15912,-3280,-1680,1094,373,362
56,436,15432,-3604,-1680,1456,614,712
57,240,16144,-3860,-1648,2083,954,873
58,-588,21088,-3964,-1680,4763,1549,-788
59,1368,18280,-4180,-1664,5772,1062,-2844
60,1776,16032,-5284,-1664,3560,625,-3777
61,1576,15116,-5624,-1648,221,151,-3619
62,1000,13824,-5504,-1696,-1199,-281,-2480
63,292,15856,-5100,-1664,-621,-392,-1724
64,-264,15968,-5232,-1680,-500,-996,-1320
65,-968,16760,-5588,-1648,-1417,-2002,-1144
66,-1308,16956,-5076,-1680,-2913,-3272,-837
67,-680,16244,-4036,-1664,-2663,-3853,-1542
68,-904,16184,-3184,-1680,-1863,-4378,-2074
69,-784,15632,-3044,-1648,-2119,-5493,-1985
70,-1252,15280,-2592,-1664,-2226,-5931,-1582
71,-1368,14652,-2008,-1648,-2856,-6124,-1500
72,-1736,14060,-1740,-1664,-4097,-5902,-1218
73,-3192,14084,-1280,-1680,-3481,-4356,-447
74,-4436,14068,-1584,-1680,-2893,-2907,457
75,-7620,8944,-284,-1664,-822,-1470,-10282
76,-4700,13440,-452,-1696,-3611,-813,-685
77,-4416,13972,-480,-1664,-1973,1059,-294
78,-4196,15300,-672,-1680,-1148,1732,185
79,-4356,16392,-348,-1664,-952,1817,462
80,-4272,16836,-52,-1712,-442,2168,942
81,-4672,17676,476,-1680,59,2472,963
82,-6176,19676,-56,-1680,-834,874,1484
83,-6448,20284,-480,-1680,-43,201,1254
84,-4448,17712,-1316,-1664,2531,1965,-1001
85,-4300,14636,-2320,-1696,-1540,-261,990
86,-5588,15624,-1280,-1680,-895,60,922
87,-5152,13460,-1040,-1680,459,-156,1392
88,-4004,13608,-148,-1648,406,-878,2090
89,-3316,14224,284,-1632,-548,-1545,3013
90,-1716,15548,544,-1712,-592,-1378,3155
91,-864,14860,140,-1664,738,-555,2480
92,-1104,15304,-208,-1664,1130,-302,1917
93,-504,14960,-20,-1648,385,-298,1605
94,384,15444,-232,-1680,709,107,806
95,620,14960,-404,-1696,58,-62,800
96,992,14888,168,-1648,-1250,-101,874
97,1468,15264,864,-1680,-3096,-686,1378
98,1608,14824,1596,-1648,-3443,-747,1763
99,1580,15616,2044,-1648,-2616,-342,1783
100,524,19936,2656,-1664,-1948,94,2338
101,-244,19348,1728,-1664,-1258,1195,2803
102,-836,18552,1148,-1664,323,1828,2582
103,-420,15952,648,-1648,705,1229,2103
104,128,15200,1048,-1648,328,323,1793
105,452,14848,800,-1680,298,-283,2183
106,724,15172,708,-1680,1286,-201,2923
107,1140,15768,1096,-1680,1185,22,3565
108,1572,16984,1456,-1712,762,-326,3592
109,1972,16948,1504,-1664,557,-624,3075
110,2460,17480,1296,-1680,497,-376,1912
111,2488,16752,756,-1696,533,21,781
112,2172,16244,712,-1680,1264,579,-267
113,1888,16084,776,-1680,1446,822,-1134
114,1600,16156,416,-1664,952,570,-1016
115,1416,16180,532,-1664,775,136,-430
116,1680,16464,672,-1664,425,240,-399
117,1684,16480,484,-1712,577,204,-410
118,1324,16420,536,-1664,629,46,-180
119,1492,16324,420,-1648,482,-196,-55
120,1784,16072,428,-1648,623,-287,115
121,1864,16160,356,-1680,875,-151,199
122,1960,16264,368,-1664,905,-24,443
123,1784,16320,268,-1664,723,-57,687
124,1636,16244,376,-1680,749,-25,708
125,1604,16232,416,-1680,832,-125,569
126,1616,16352,156,-1680,755,-245,426
127,1820,16256,140,-1696,371,-368,249
128,1852,16280,332,-1664,64,-235,16
129,1840,16112,400,-1680,363,84,-167
130,1448,15832,572,-1680,757,550,-64
131,1516,16032,556,-1664,872,691,354
132,1512,16424,460,-1680,833,557,559
133,2272,16992,40,-1712,661,385,103
134,3132,17908,-84,-1696,531,208,-1215
135,3236,17652,-504,-1664,1218,217,-2679
136,2540,16680,-880,-1680,1068,-276,-3087
137,1712,15512,-840,-1680,434,-1234,-1649
138,1200,16404,-348,-1680,-490,-1984,-102
139,672,16812,-148,-1648,-1509,-3026,941
140,1092,17536,364,-1696,-2060,-3367,369
141,1068,16552,804,-1696,-2072,-3515,-688
142,1044,15616,1108,-1680,-1969,-3338,-994
143,1456,15208,1448,-1680,-1635,-2810,-877
144,1400,14976,1624,-1664,-1298,-1951,-455
145,992,15312,1608,-1664,-1287,-1127,-12
146,1000,16056,1836,-1648,-1201,-462,418
147,792,15820,1628,-1664,-168,354,-147
148,164,15940,1488,-1648,-35,536,-383
149,384,16128,1588,-1664,18,501,-270
150,480,16276,1436,-1664,506,616,-574
151,400,15664,1244,-1680,60,262,-624
152,116,15620,1436,-1680,-392,94,-322
153,16,15696,1500,-1680,-480,223,32
154,176,15948,1500,-1664,-254,581,-41
155,448,15452,1612,-1664,-655,599,-4
156,1060,15164,1552,-1680,-803,869,176
157,1736,15260,1856,-1680,-1008,765,370
158,2340,15444,1904,-1696,-1410,307,502
159,1784,15876,2296,-1680,-1667,-39,840
160,1400,16104,2440,-1664,-1183,201,1276
161,1416,16252,1996,-1648,-204,777,1281
162,1432,16460,1936,-1680,-89,755,1044
163,1308,16616,1876,-1664,-432,122,961
164,1120,16368,2232,-1696,-427,-594,1095
165,1048,16636,2756,-1648,94,-852,1247
166,1528,16972,2692,-1696,710,-1041,988
167,1792,16684,2752,-1680,607,-1357,476
168,2016,15940,2808,-1680,740,-1468,-68
169,2060,15556,2688,-1664,1560,-979,-535
170,1964,15428,2440,-1680,2576,-261,-881
171,1536,15624,2160,-1696,2727,18,-808
172,1304,16000,2260,-1648,1728,-221,-317
173,1404,16324,2316,-1664,712,-379,-59
174,1408,16312,2244,-1632,626,-241,-179
175,1548,16248,2136,-1680,544,-85,-265
176,1860,16252,2060,-1680,374,81,-180
177,1864,16016,1476,-1648,394,233,-100
178,1756,15920,1232,-1616,466,295,62
179,1636,16088,1280,-1664,390,194,148
180,1412,16148,1352,-1632,313,-38,339
181,1316,16324,1492,-1664,174,-399,391
182,1552,16232,1748,-1664,113,-683,315
183,1584,16164,1784,-1696,207,-718,123
184,1716,15984,1744,-1648,304,-615,115
185,1712,15768,1812,-1648,305,-414,85
186,1760,15864,1892,-1680,360,-178,-3
187,1876,16068,1856,-1696,485,83,-159
188,1584,16296,1856,-1696,365,216,-222
189,1576,16504,1908,-1664,138,199,-368
190,1596,16468,1860,-1680,106,158,-558
191,1732,16364,1756,-1648,102,191,-689
192,1940,16508,1748,-1648,232,209,-727
193,2084,17108,1720,-1680,566,261,-916
194,2220,17040,1048,-1664,477,-171,-1548
195,1228,15640,916,-1648,-436,-1029,-1866
196,692,15748,1440,-1680,-441,-1224,-924
197,1464,16340,1464,-1696,-28,-1490,-475
198,1924,16340,1316,-1648,-99,-1932,-653
199,1808,15756,1448,-1664,-252,-2211,-668
200,1576,15264,1540,-1696,50,-2007,-598
201,1080,14656,1900,-1696,-275,-2191,-448
202,564,14784,2852,-1664,-1086,-2282,353
203,-176,15432,3084,-1680,-1107,-1801,1335
204,-1332,16012,3716,-1664,-213,-786,1540
205,-1356,16528,3760,-1680,469,266,1218
206,736,15568,2716,-1664,1410,916,688
207,1816,14812,2372,-1664,2559,1627,317
208,2340,15468,1996,-1664,2890,2197,138
209,1824,16752,1964,-1680,3005,2995,-163
210,1132,17520,1996,-1664,2728,3600,-641
211,872,16504,1400,-1680,3597,3957,-809
212,1096,16152,688,-1728,4519,4313,-1533
213,1244,16044,-64,-1664,4845,3808,-1765
214,1044,15768,-712,-1648,5888,3370,-1574
215,292,16432,-1492,-1664,5624,2670,-1041
216,-128,17292,-1820,-1664,3557,1273,-468
217,228,17180,-1608,-1664,1094,-130,295
218,488,16972,-1440,-1632,-562,-667,583
219,552,16472,-1512,-1680,-1106,-694,93
220,484,16124,-1388,-1632,-1161,-717,-207
221,576,15868,-1068,-1680,-806,-433,-125
222,512,15820,-892,-1648,-141,-154,39
223,576,16044,-776,-1712,184,-211,201
224,448,16152,-500,-1680,344,-233,340
225,572,16400,-660,-1696,556,-53,389
226,628,16312,-728,-1664,874,123,387
227,524,16120,-896,-1680,1176,206,430
228,544,16276,-944,-1680,1312,217,447
229,684,16348,-1268,-1712,1296,158,522
230,600,16364,-1364,-1712,1148,84,535
231,760,16404,-1464,-1680,999,65,516
232,772,16500,-1600,-1664,771,11,438
233,736,16456,-1548,-1664,371,-107,434
234,860,16424,-1456,-1664,126,-148,422
235,864,16356,-1296,-1664,118,-143,369
236,848,16376,-1380,-1712,85,-104,313
237,916,16340,-1348,-1680,55,-72,276
238,1076,16304,-1192,-1680,160,-33,237
239,972,16436,-1232,-1664,216,-30,150
240,1008,16368,-1392,-1696,311,-94,14
241,1052,16464,-1552,-1664,404,-162,-156
242,1004,16444,-1632,-1680,276,-257,-241
243,888,16240,-1372,-1664,170,-322,-190
244,972,16260,-1272,-1680,136,-293,-215
245,912,16276,-1236,-1664,174,-197,-247
246,1016,16236,-1236,-1680,169,-36,-188
247,780,16232,-1316,-1680,205,-20,-120
248,812,16332,-1132,-1632,280,-41,-74
249,808,16352,-1220,-1664,278,-91,-39
250,876,16296,-1248,-1680,249,-174,-22
251,852,16252,-1352,-1680,357,-167,6
252,812,16308,-1404,-1680,403,-178,42
253,956,16304,-1208,-1680,477,-107,82
254,848,16224,-1140,-1648,480,-101,88
255,888,16336,-1252,-1680,489,-34,58
256,840,16220,-1424,-1664,448,-54,22
257,852,16260,-1376,-1680,465,-4,-1
258,840,16240,-1444,-1664,466,-26,13
259,936,16236,-1480,-1664,406,-52,74
260,868,16308,-1476,-1680,483,-67,38
261,840,16416,-1420,-1664,485,-158,-76
262,740,16448,-1336,-1648,298,-302,-10
263,696,16132,-1324,-1648,210,-312,96
264,1080,16148,-1428,-1648,273,-160,274
265,1104,16260,-1300,-1648,473,52,260
266,1196,16380,-1476,-1664,551,118,173
267,880,16400,-1640,-1664,543,129,11
268,820,16504,-1588,-1680,487,39,-196
269,648,16360,-1500,-1680,226,-226,-147
270,884,16064,-1408,-1696,143,-301,27
271,1052,16104,-1412,-1664,257,-146,134
272,1104,16200,-1492,-1680,324,2,132
273,1064,16408,-1472,-1664,437,38,45
274,912,16484,-1632,-1680,386,-18,-137
275,776,16332,-1580,-1664,205,-154,-130
276,936,16144,-1680,-1680,177,-225,-80
277,984,16280,-1476,-1680,298,-207,-15
278,1024,16296,-1452,-1680,332,-145,-3
279,936,16396,-1548,-1648,339,-92,-40
280,928,16348,-1524,-1648,400,-79,-105
281,892,16284,-1564,-1664,308,-160,-25
282,972,16132,-1600,-1664,346,-199,44
283,916,16304,-1460,-1664,387,-137,42
284,976,16416,-1452,-1648,386,-142,6
285,996,16336,-1640,-1680,412,-67,23
286,984,16204,-1588,-1696,475,-108,9
287,944,16388,-1640,-1664,372,-197,-25
288,1012,16392,-1664,-1664,325,-218,-24
289,976,16156,-1628,-1648,336,-156,-9
290,1068,16328,-1632,-1680,406,-68,27
291,984,16260,-1680,-1696,441,13,-14
292,964,16368,-1592,-1664,446,29,-52
293,908,16392,-1608,-1680,440,0,-75
294,792,16316,-1720,-1664,335,-112,-52
295,800,16272,-1588,-1632,328,-161,-19
296,872,16236,-1636,-1712,299,-169,12
297,864,16352,-1668,-1664,215,-240,-6
298,964,16308,-1476,-1664,189,-223,7
299,872,16292,-1600,-1664,185,-193,-20
300,948,16320,-1692,-1664,255,-129,-92
301,884,16160,-1656,-1664,262,-89,-61
302,932,16088,-1648,-1664,255,-110,-10
303,860,16380,-1556,-1664,362,-81,-48
304,928,16176,-1664,-1664,386,-61,-76
305,848,16172,-1756,-1664,394,-60,-14
306,880,16320,-1556,-1648,362,-127,67
307,940,16352,-1664,-1680,357,-161,34
308,880,16444,-1744,-1648,340,-181,39
309,928,16384,-1688,-1680,338,-167,61
310,984,16328,-1756,-1680,358,-109,25
311,1056,16264,-1776,-1648,408,29,-41
312,1028,16060,-1748,-1680,505,81,25
313,1020,16252,-1616,-1664,572,99,50
314,880,16552,-1620,-1696,570,-75,-50
315,832,16476,-1788,-1680,310,-294,-43
316,828,16080,-1644,-1664,138,-237,129
317,1004,16092,-1664,-1664,333,-83,219
318,1052,16480,-1748,-1664,401,-94,148
319,1000,16716,-1768,-1680,245,-225,-138
320,896,16520,-1868,-1664,157,-273,-349
321,800,16040,-1812,-1680,-21,-257,-246
322,912,15924,-1456,-1648,117,-256,81
323,1028,16324,-1500,-1680,367,-119,102
324,1092,16508,-1708,-1696,372,-10,-50
325,888,16400,-1664,-1664,286,12,-147
326,720,16224,-1908,-1696,316,-94,-107
327,780,16288,-1688,-1664,354,-266,-61
328,884,16232,-1664,-1680,303,-266,-57
1658,0,16080,3072,-1648,5155,954,-1308
1659,412,16876,2428,-1664,5519,1008,-1488
1660,500,16712,2348,-1648,5696,1315,-1595
1661,1240,16732,1208,-1680,6142,1129,-2007
1662,1432,15296,452,-1648,7177,990,-3110
1663,380,16156,496,-1664,4978,337,-2949
1664,-576,15096,-120,-1648,4765,334,-2432
1665,-1636,15436,-528,-1648,3921,316,-2107
1666,-1768,14972,-1024,-1648,3030,-29,-2115
1667,-2572,14996,-1612,-1648,3000,-191,-2538
1668,-3516,15340,-2040,-1664,2193,-958,-2094
1669,-4108,15488,-2260,-1680,1584,-1436,-1810
1670,-4860,15300,-2616,-1680,1635,-1517,-1788
1671,-4892,14708,-3192,-1664,1627,-1805,-1607
1672,-5248,15100,-3168,-1664,2142,-1808,-830
1673,-4908,16704,-2952,-1680,1208,-1455,342
1674,-3296,16876,-2476,-1648,691,-956,364
1675,-2712,15360,-2036,-1680,1868,-171,-122
1676,-2596,15648,-1864,-1680,1050,-284,-140
1677,-2788,15864,-2076,-1664,431,-255,87
1678,-2940,17020,-2436,-1648,810,279,-61
1679,-2572,17236,-2812,-1696,425,132,-485
1680,-2848,16416,-3012,-1696,201,-17,-592
1681,-3116,15664,-2960,-1648,-508,-888,-304
1682,-2576,14876,-2092,-1664,-1311,-1478,240
1683,-2352,14964,-1700,-1680,-1395,-1456,731
1684,-2648,15136,-2080,-1648,-630,-947,1278
1685,-3216,15336,-2540,-1632,-181,-488,1404
1686,-3636,15544,-2652,-1616,147,9,1684
1687,-3584,15996,-2124,-1696,975,570,521
1688,-2152,16420,-1840,-1648,744,164,911
1689,-2228,16596,-1784,-1664,844,169,376
1690,-2304,16036,-2692,-1680,584,-69,315
1691,-2500,16036,-2372,-1664,535,-197,-274
1692,-2372,15916,-2148,-1664,460,-365,-87
1693,-2468,15920,-2156,-1648,126,-337,-54
1694,-2476,16148,-2208,-1680,385,65,-274
1695,-2540,16276,-2404,-1632,203,22,-267
1696,-2608,16128,-2240,-1648,158,-83,64
1697,-2404,16076,-2236,-1632,177,-187,349
1698,-2452,16036,-2128,-1648,204,-163,440
1699,-2400,16128,-2052,-1648,325,-153,471
1700,-2232,15916,-2116,-1648,465,-131,461
1701,-2312,15968,-2164,-1632,626,-34,387
1702,-2276,16000,-2256,-1648,542,-37,410
1703,-2200,16124,-2440,-1664,462,-85,361
1704,-2160,16120,-2352,-1664,394,-131,285
1705,-2132,15968,-2244,-1680,384,-132,84
1706,-2196,16116,-2360,-1664,327,-132,-86
1707,-2188,16108,-2420,-1664,178,-201,-63
1708,-3008,17168,-1540,-1664,-296,-169,-87
1709,-2136,13892,-1200,-1664,-2020,-921,1017
1710,-1156,15080,-1696,-1680,-1349,-118,1077
1711,-1384,15492,-3272,-1680,736,573,-220
1712,-2964,17240,-4400,-1680,-421,-978,-348
1713,-2432,17208,-948,-1680,-1481,-2294,418
1714,-2220,17332,-1084,-1664,-1361,-2055,862
1715,-1224,15508,-372,-1680,-712,-1127,865
1716,-1320,15452,-1084,-1648,1482,681,115
1717,-1800,16304,-1620,-1648,1224,283,56
1718,-2132,16296,-1588,-1664,986,289,-48
1719,-1980,16224,-1892,-1680,741,64,230
1720,-1424,16504,-1676,-1632,380,-153,96
1721,-1720,16324,-1368,-1680,356,-159,-246
1722,-2128,16348,-1352,-1680,98,-223,-384
1723,-2156,16164,-1472,-1680,42,-286,-133
1724,-2000,16172,-1424,-1632,-73,-355,-56
1725,-1908,16204,-1452,-1632,-87,-285,-84
1726,-1880,16172,-1332,-1648,140,-101,-36
1727,-1900,16160,-1228,-1648,384,-103,13
1728,-1868,16096,-1264,-1664,625,-38,51
1729,-1832,16032,-1348,-1680,731,143,-12
1730,-1464,16208,-1888,-1664,1110,400,-163
1731,-1700,16036,-2160,-1664,914,184,-40
1732,-2112,16068,-1868,-1648,471,-125,205
1733,-1900,16324,-1572,-1680,647,-66,420
1734,-1540,16116,-1696,-1632,703,-51,316
1735,-1532,16036,-1584,-1648,499,-268,185
1736,-2160,16396,-1700,-1680,504,-59,-12
1737,-1748,16140,-1848,-1664,394,-33,157
1738,-1620,16144,-1940,-1616,245,-132,-64
1739,-1876,16252,-1976,-1680,66,-339,-61
1740,-1940,16120,-1740,-1664,73,-292,2
1741,-1696,16116,-1732,-1664,-27,-290,-10
1742,-1736,16108,-1532,-1632,118,-123,-62
1743,-1972,16056,-1560,-1680,338,101,-3
1744,-1868,16192,-1584,-1664,345,48,55
1745,-1904,16128,-1880,-1632,292,-92,43
1746,-1836,16136,-1660,-1680,314,-129,61
1747,-1532,16120,-1840,-1664,327,-92,82
1748,-1440,16212,-1796,-1632,476,58,21
1749,-1732,16332,-1840,-1680,417,116,-334
1750,-1908,16192,-1912,-1632,369,-7,-176
1751,-1904,16012,-1716,-1696,248,-269,20
1752,-1780,16252,-1664,-1648,230,-358,144
1753,-1864,16156,-1756,-1664,144,-381,85
1754,-1776,16164,-1672,-1648,253,-219,90
1755,-1688,16112,-1744,-1616,244,-117,21
1756,-1700,15976,-1688,-1664,285,14,-20
1757,-1812,16056,-1696,-1648,532,134,66
1758,-1532,15980,-1876,-1648,834,328,214
1759,-1428,16092,-2004,-1696,691,187,-30
1760,-2084,16316,-1896,-1632,471,59,-96
1761,-1840,16216,-1992,-1632,745,109,256
1762,-1464,16076,-2272,-1680,439,-169,122
1763,-1624,16192,-1980,-1648,288,-174,98
1764,-1604,16376,-2240,-1664,299,-141,57
1765,-1684,16152,-1944,-1680,96,-253,-80
1766,-1816,16060,-1844,-1664,70,-293,2
1767,-1676,16120,-1792,-1632,132,-263,43
1768,-1616,16124,-1644,-1664,237,-102,45
1769,-1548,16060,-1804,-1680,421,78,17
1770,-1648,16136,-2012,-1648,484,154,15
1771,-1572,15988,-1976,-1664,558,291,6
1772,-1544,15868,-2060,-1632,890,433,133
1773,-1648,16312,-2380,-1648,711,13,73
1774,-1848,16592,-2512,-1648,275,-364,-95
1775,-1764,16264,-2200,-1648,351,-404,32
1776,-1620,15952,-2180,-1680,135,-500,-54
1777,-1728,15980,-2016,-1648,182,-375,-54
1778,-1788,16172,-1700,-1680,277,-230,-65
1779,-1732,16344,-1784,-1648,378,-164,7
1780,-1580,15884,-2264,-1648,304,-127,-40
1781,-1756,16096,-2240,-1648,296,-77,-6
1782,-1748,16216,-2300,-1664,296,-76,63
1783,-1564,16212,-2308,-1648,237,-143,14
1784,-1548,16108,-2312,-1664,250,-169,-8
1785,-1756,16168,-2104,-1648,218,-224,-39
1786,-1780,16180,-2088,-1648,293,-132,33
1787,-1772,16204,-2048,-1664,343,-140,13
1788,-1544,16396,-2156,-1648,300,-113,-86
1789,-1752,16108,-2232,-1696,76,-235,-186
1790,-1696,15980,-2092,-1632,280,-103,-52
1791,-1628,15880,-1936,-1664,565,56,33
1792,-1636,16356,-2108,-1664,525,-97,-163
1793,-1948,16540,-2072,-1680,338,-191,-147
1794,-1744,15884,-2236,-1696,379,3,63
1795,-1552,15728,-2016,-1648,465,-8,100
1796,-1788,16304,-2096,-1664,719,110,86
1797,-1704,16424,-2476,-1648,521,22,-2
1798,-1704,16280,-2452,-1648,295,-153,-89
1799,-1636,15976,-2320,-1632,174,-277,-63
1800,-1860,15992,-2076,-1664,245,-295,111
1801,-1628,16280,-2012,-1712,298,-195,42
1802,-1692,15996,-2264,-1648,342,-99,-64
1803,-1824,16092,-2324,-1664,356,-58,-27
1804,-1708,15960,-2396,-1648,325,-84,57
1805,-1764,16252,-2276,-1664,184,-227,-8
1806,-1620,16276,-2304,-1648,129,-319,-189
1807,-1860,16048,-2168,-1680,-72,-389,-242
1808,-1736,16124,-2284,-1680,-101,-417,-150
1809,-1600,16308,-2232,-1616,-277,-429,-328
1810,-2020,15912,-1948,-1648,-290,-442,-174
1811,-1804,16000,-1628,-1664,-41,-161,144
1812,-1616,15984,-1700,-1648,196,92,71
1813,-1680,16100,-1936,-1664,240,160,202
1814,-1776,16124,-1836,-1680,434,317,286
1815,-1544,15920,-2148,-1680,607,445,19
1816,-1592,16248,-2416,-1664,575,207,-95
1817,-1692,16240,-2340,-1648,402,68,-262
1818,-1832,16052,-2048,-1632,420,-116,-81
1819,-1896,15868,-1804,-1632,521,-181,126
1820,-2072,16108,-1708,-1648,688,152,372
1821,-1808,16196,-1728,-1632,835,275,472
1822,-1352,16164,-2148,-1648,1122,656,161
1823,-1512,16296,-2504,-1616,1009,794,-80
1824,-1452,14860,-3456,-1664,1180,668,126
1825,-1868,16780,-3264,-1648,658,-511,544
1826,-1244,16920,-1540,-1648,-325,-585,100
1827,-1424,15600,-2624,-1680,-53,-86,-311
1828,-1728,15880,-2284,-1648,-718,-277,134
1829,-1868,16240,-2552,-1680,-32,-404,-78
1830,-1632,15908,-2592,-1632,133,-478,-149
1831,-1780,16200,-2348,-1664,136,-602,-109
1832,-1644,16036,-2176,-1632,187,-327,7
1833,-1532,15936,-2484,-1648,978,322,-185
1834,-2060,16888,-2516,-1664,778,79,20
1835,-1732,16296,-2424,-1680,608,-189,72
1836,-1480,15700,-2620,-1632,786,-194,120
1837,-1512,16144,-2472,-1648,745,-113,109
1838,-1484,15884,-2264,-1664,891,209,23
1839,-1568,16044,-2584,-1648,686,143,-22
1840,-1736,16100,-2592,-1664,453,-32,16
1841,-1684,16040,-2716,-1648,344,-104,106
1842,-1512,16128,-2696,-1632,408,-12,26
1843,-1684,16160,-2764,-1616,482,56,-40
1844,-1568,16104,-2716,-1648,444,-70,-25
1845,-1532,16064,-2656,-1632,426,-109,-52
1846,-1624,16040,-2748,-1632,422,-125,-61
1847,-1608,16088,-2848,-1648,460,-137,65
1848,-1532,16132,-2832,-1632,480,-152,66
1849,-1712,16112,-2956,-1680,374,-172,4
1850,-1640,15976,-2764,-1664,425,-174,61
1851,-1680,16164,-2676,-1648,404,-166,63
1852,-1580,16112,-2864,-1664,408,-100,-9
1853,-1640,16012,-3016,-1680,386,-89,-8
1854,-1608,16012,-2796,-1632,320,-118,3
1855,-1628,16120,-2808,-1680,291,-107,-16
1856,-1608,15988,-2844,-1664,330,-98,-31
1857,-1684,16140,-2884,-1680,287,-118,-48
1858,-1656,16040,-2648,-1648,308,-92,-52
1859,-1632,16096,-2964,-1632,306,-94,0
1860,-1544,16048,-2920,-1664,294,-130,51
1861,-1660,16188,-2772,-1680,340,-97,36
1862,-1568,16056,-2940,-1664,349,-121,-18
1863,-1636,16052,-2792,-1648,270,-119,-2
1864,-1608,16064,-2860,-1664,326,-129,23
1865,-1536,16108,-2848,-1648,289,-162,27
1866,-1500,16012,-2832,-1648,321,-115,-44
1867,-1592,15936,-3012,-1632,313,-108,32
1868,-1708,16048,-2720,-1616,357,-123,14
1869,-1600,16048,-2852,-1664,325,-135,30
1870,-1540,16036,-2976,-1664,390,-164,-15
1871,-1696,16004,-2796,-1680,331,-174,10
1872,-1604,16080,-2920,-1696,332,-150,45
1873,-1592,15956,-2904,-1648,338,-169,29
1874,-1620,16116,-2896,-1664,344,-159,31
1875,-1708,16040,-3000,-1648,334,-143,15
1876,-1600,16028,-2920,-1616,360,-101,44
1877,-1536,16040,-2940,-1664,345,-132,5
1878,-1552,16104,-3072,-1632,291,-121,-7
1879,-1580,15876,-2964,-1632,328,-91,10
1880,-1492,16060,-2796,-1664,344,-82,-30
1881,-1580,16084,-2884,-1680,287,-47,14
1882,-1600,15984,-2904,­
Sample,aX,aY,az,Temp,gX,gY,gz
1,-1596,15964,-2940,-1648,396,-139,-48
2,-1632,15988,-3064,-1680,345,-91,-12
3,-1632,15992,-3068,-1680,324,-49,9
4,-1588,15988,-3156,-1632,327,-30,0
5,-1656,16028,-3120,-1632,287,-68,10
6,-1664,15972,-3128,-1664,286,-83,65
7,-1644,16040,-3000,-1648,232,-82,71
8,-1672,16072,-3108,-1664,247,-103,82
9,-1620,16028,-3060,-1664,237,-96,91
10,-1488,15988,-3180,-1648,326,-40,68
11,-1628,15984,-3140,-1680,195,-66,85
12,-1540,16028,-3092,-1680,241,-42,149
13,-1492,16032,-3100,-1648,246,-88,71
14,-1544,16096,-3268,-1648,234,-115,-11
15,-1572,16060,-3220,-1664,201,-99,60
16,-1580,16040,-3136,-1680,217,-116,60
17,-1608,16040,-3072,-1664,244,-143,30
18,-1520,16064,-2980,-1664,250,-158,13
19,-1512,16032,-3036,-1664,254,-179,19
20,-1588,16084,-3076,-1648,240,-123,9
21,-1464,16080,-3032,-1664,282,-138,-29
22,-1488,16100,-3112,-1648,338,-137,-62
23,-1548,16076,-3248,-1648,308,-175,-86
24,-1572,16144,-3184,-1664,355,-176,-102
25,-1668,16136,-2992,-1680,341,-192,-112
26,-1516,15944,-3144,-1648,358,-207,-99
27,-1548,15972,-3212,-1648,384,-110,-120
28,-1492,16048,-3156,-1664,370,-82,-129
29,-1712,15924,-3168,-1648,309,-101,-24
30,-1740,16156,-3136,-1664,334,-165,-64
31,-1676,16072,-3276,-1648,294,-164,-129
32,-1644,16012,-3064,-1664,329,-103,-17
33,-1764,15876,-3164,-1664,357,-121,22
34,-1664,16100,-3192,-1648,316,-157,47
35,-1640,16108,-3268,-1648,333,-111,5
36,-1624,16024,-3356,-1648,263,-142,22
37,-1624,16116,-3076,-1648,336,-121,-38
38,-1640,15952,-3124,-1648,336,-97,-66
39,-1700,15944,-3276,-1664,245,-129,-16
40,-1636,16124,-3192,-1632,321,-86,-32
41,-1688,16004,-3160,-1648,282,-158,-65
42,-1668,15984,-3188,-1680,340,-135,-10
43,-1700,16048,-3260,-1664,333,-134,-33
44,-1640,15988,-3236,-1680,285,-139,-19
45,-1580,16100,-3372,-1648,340,-115,-52
46,-1688,15892,-3160,-1664,291,-122,49
47,-1612,16012,-3340,-1664,309,-109,19
48,-1524,15992,-3208,-1648,290,-139,-45
49,-1656,16048,-3240,-1648,282,-119,1
50,-1612,15940,-3168,-1648,296,-106,48
51,-1772,16040,-3220,-1616,254,-136,-2
52,-1692,16000,-3272,-1648,246,-158,0
53,-1548,15924,-3224,-1648,268,-95,44
54,-1544,16040,-3180,-1648,342,-73,0
55,-1628,15916,-3288,-1632,337,-102,-70
56,-1532,16028,-3288,-1680,339,-93,-28
57,-1712,15952,-3296,-1680,300,-141,46
58,-1568,15948,-3300,-1616,342,-84,-8
59,-1660,15928,-3328,-1648,276,-133,-11
60,-1692,16000,-3220,-1632,283,-130,39
61,-1636,15956,-3140,-1632,331,-119,-7
62,-1612,16088,-3396,-1632,212,-165,-11
63,-1616,16124,-3248,-1648,276,-148,-10
64,-1808,16012,-3308,-1632,306,-39,53
65,-1600,16104,-3224,-1664,304,-107,-8
66,-1492,15996,-3220,-1648,284,-146,-41
67,-1656,16040,-3220,-1648,268,-118,-7
68,-1612,15968,-3236,-1648,294,-126,35
69,-1632,16116,-3308,-1648,296,-168,-32
70,-1588,16028,-3224,-1632,255,-200,-8
71,-1712,15964,-3200,-1664,319,-167,23
72,-1700,16032,-3212,-1664,246,-201,-7
73,-1676,16012,-3288,-1648,276,-171,-59
74,-1656,15856,-3224,-1680,314,-167,-37
75,-1772,16052,-3280,-1664,264,-192,-11
76,-1664,15984,-3252,-1680,310,-170,-48
77,-1616,16032,-3268,-1664,283,-159,-35
78,-1648,16032,-3256,-1648,258,-189,5
79,-1612,16000,-3216,-1664,366,-72,-68
80,-1604,16020,-3428,-1680,301,-155,-85
81,-1704,15984,-3200,-1648,324,-71,20
82,-1740,16028,-3352,-1680,370,-78,-23
83,-1648,15960,-3204,-1616,244,-166,-47
84,-1668,16036,-3284,-1696,328,-128,-68
85,-1648,15924,-3308,-1680,282,-138,7
86,-1728,15984,-3132,-1616,250,-111,-13
87,-1684,15944,-3356,-1648,290,-124,5
88,-1668,15828,-3340,-1648,251,-179,60
89,-1568,16064,-3192,-1680,314,-135,24
90,-1696,15984,-3372,-1632,332,-78,-8
91,-1656,16020,-3236,-1680,262,-126,0
92,-1704,16080,-3220,-1648,317,-140,49
93,-1620,15992,-3220,-1648,267,-125,32
94,-1756,16072,-3140,-1696,208,-159,42
95,-1632,16008,-3392,-1664,258,-181,58
96,-1628,16076,-3292,-1632,254,-99,26
97,-1664,16072,-3264,-1664,295,-102,25
98,-1544,15952,-3360,-1648,289,-130,-2
99,-1640,15948,-3412,-1648,268,-99,40
100,-1636,15920,-3248,-1648,319,-67,25
101,-1672,16020,-3344,-1680,251,-137,-15
102,-1540,16016,-3440,-1632,211,-146,8
103,-1588,16036,-3232,-1632,247,-63,91
104,-1700,15916,-3264,-1648,230,-124,64
105,-1736,15964,-3216,-1648,248,-119,87
106,-1708,15980,-3356,-1664,220,-158,120
107,-1656,15948,-3364,-1648,300,-80,50
108,-1564,16120,-3268,-1648,249,-87,10
109,-1608,15964,-3204,-1664,250,-141,3
110,-1568,15892,-3264,-1648,236,-124,26
111,-1732,16056,-3240,-1648,350,-51,-34
112,-1596,16020,-3336,-1648,255,-103,10
113,-1656,16164,-3208,-1664,269,-125,58
114,-1560,15800,-3280,-1680,324,-66,24
115,-1520,16156,-3288,-1648,270,-99,-31
116,-1756,16020,-3236,-1648,272,-150,75
117,-1688,16060,-3276,-1648,177,-371,-25
118,-1748,16416,-3372,-1664,-3,-620,-373
119,-1352,16128,-3456,-1648,-355,-832,-511
120,-1424,15016,-2776,-1648,-138,-194,-207
121,-1628,15856,-2676,-1648,22,-138,-47
122,-2316,16776,-3568,-1664,-36,-659,-181
123,-1732,16512,-3464,-1680,-1283,-1252,50
124,-1196,15652,-2156,-1680,-1304,-794,-2
125,-1920,15136,-2336,-1648,325,290,19
126,-1820,16016,-2252,-1648,1346,995,164
127,-1540,16068,-3052,-1664,1453,992,506
128,-1836,16572,-3924,-1648,906,204,-36
129,-1772,16444,-3276,-1664,257,-564,-68
130,-1944,15744,-3096,-1680,431,-470,166
131,-1896,15760,-2864,-1648,324,-468,357
132,-1724,16024,-2852,-1632,464,-116,273
133,-1596,16292,-3024,-1680,280,-166,154
134,-1496,16156,-3064,-1632,307,-165,-232
135,-1608,15836,-3204,-1632,286,-162,-335
136,-1592,16160,-3024,-1648,225,-107,-117
137,-1520,16132,-3124,-1680,416,-27,-146
138,-1576,15924,-3132,-1648,324,-130,-163
139,-2036,15924,-2996,-1648,443,-28,86
140,-2032,16012,-2940,-1664,479,-154,45
141,-1740,15912,-3108,-1664,416,-277,-19
142,-1512,15940,-3204,-1664,420,-146,140
143,-1628,16088,-3132,-1648,311,-99,99
144,-1712,16152,-3196,-1680,246,-184,-51
145,-1688,16056,-3060,-1632,244,-187,-79
146,-1696,15912,-2936,-1648,230,-177,-68
147,-1792,15964,-3032,-1664,296,-106,-182
148,-1732,16120,-3268,-1632,370,-96,-209
149,-1832,15808,-3168,-1648,306,-145,-25
150,-1676,16136,-3220,-1664,384,-140,16
151,-1712,15880,-3060,-1648,339,-138,-17
152,-1736,16072,-3104,-1664,204,-224,11
153,-1824,15832,-3172,-1680,227,-144,112
154,-1796,16140,-3088,-1680,233,-121,86
155,-1608,15976,-3380,-1648,273,-78,97
156,-1468,16040,-3136,-1680,287,-91,82
157,-1760,16188,-3224,-1648,298,-166,-117
158,-1724,16044,-3116,-1648,341,-173,-170
159,-1788,15824,-3144,-1664,452,-70,-74
160,-1820,16068,-3160,-1680,520,-56,13
161,-1760,16060,-3176,-1648,491,-72,-61
162,-1748,15952,-3100,-1632,430,-120,17
163,-1896,16120,-3188,-1664,319,-242,56
164,-1744,16088,-3372,-1648,298,-193,10
165,-1780,15980,-3212,-1632,217,-224,3
166,-1788,16012,-3104,-1648,183,-177,54
167,-1812,16004,-3344,-1664,228,-137,14
168,-1588,16020,-3076,-1680,196,-180,-34
169,-1788,16000,-3188,-1664,228,-141,-92
170,-1752,15956,-3248,-1648,260,-128,26
171,-1680,16080,-3216,-1664,316,-113,-26
172,-1872,15960,-3260,-1616,313,-136,-20
173,-1784,16004,-3112,-1696,267,-173,16
174,-1608,16076,-3264,-1680,274,-130,-21
175,-1788,16048,-3132,-1664,197,-117,-56
176,-1688,16120,-3064,-1680,128,-116,-12
177,-1768,16188,-3172,-1664,152,22,-85
178,-1964,15784,-3208,-1664,118,-158,-6
179,-1976,15892,-3292,-1648,120,-258,139
180,-1840,16088,-2928,-1664,187,-277,183
181,-1552,16116,-3044,-1664,291,-154,54
182,-1736,16116,-3160,-1632,256,-194,-35
183,-1792,16004,-3036,-1616,255,-126,-67
184,-1692,16088,-3156,-1616,361,-39,-180
185,-1724,15928,-3208,-1648,196,-154,-92
186,-1776,15956,-3104,-1648,257,-134,-11
187,-1736,16112,-3076,-1664,170,-39,-94
188,-1732,16052,-3044,-1648,241,97,-55
189,-1648,16104,-3016,-1648,194,114,116
190,-1564,15876,-3052,-1632,-139,81,177
191,-2000,15464,-2844,-1648,-290,88,507
192,-2460,15984,-3052,-1680,-171,10,875
193,-2052,16432,-3072,-1632,-265,-184,725
194,-1340,16356,-3032,-1664,-209,-51,143
195,-952,18008,-3480,-1648,-352,-430,-483
196,796,15944,-3204,-1664,-3250,-2382,322
197,1376,14708,-3488,-1664,-4319,-2915,-281
198,-2672,15024,-1800,-1648,-4560,-2461,-403
199,-4596,15716,-1768,-1664,-2085,-902,567
200,-4548,15992,-1088,-1696,-2165,-2023,3334
201,-3232,17312,-1932,-1648,-637,-1248,6113
202,-3076,16104,-1820,-1648,689,668,6080
203,-1416,19476,-452,-1648,-2510,-1299,6668
204,-260,19420,-1000,-1680,-893,1031,6924
205,1540,20908,220,-1680,1441,-87,4834
206,1548,22232,-272,-1648,1791,-1261,3811
207,2688,19548,-1788,-1648,2771,-1826,2329
208,2980,19984,-1820,-1648,3269,-2170,2059
209,3604,19324,-1744,-1648,4264,-1461,1777
210,3584,17512,-2120,-1680,3455,-980,2153
211,3200,12872,-2048,-1648,2609,-454,3569
212,3724,13976,-1916,-1648,2477,595,4036
213,3912,11056,-2100,-1664,3612,781,4089
214,4092,11104,-2516,-1648,4582,1671,3309
215,4636,11816,-2632,-1664,3462,985,2286
216,5368,12456,-2940,-1664,3372,66,1228
217,6144,12304,-2672,-1664,2772,-574,585
218,6292,12536,-2576,-1680,1756,-898,631
219,5896,12440,-2856,-1680,1876,-863,1167
220,5924,13712,-2776,-1632,1946,-1397,1962
221,5600,14024,-2632,-1632,1412,-2432,3080
222,5212,14004,-3348,-1664,1059,-3007,3638
223,6440,15620,-3632,-1664,2200,-2721,3609
224,6264,16940,-4292,-1664,1754,-4697,4691
225,5468,14716,-5116,-1648,-964,-6012,5067
226,5436,14224,-5624,-1648,1609,-3463,2892
227,5944,15712,-5848,-1680,1568,-3139,1339
228,6744,14988,-5992,-1648,-199,-4842,1858
229,6416,15276,-6016,-1680,-1652,-5788,2795
230,6840,14844,-6444,-1648,-1426,-5068,1422
231,6796,15660,-6320,-1648,-832,-4324,-921
232,6304,14164,-6460,-1696,-2077,-4761,-1444
233,6520,14456,-6272,-1648,-1782,-3662,-2139
234,6288,14740,-6260,-1664,-1800,-3148,-2228
235,5204,14252,-5972,-1648,-1019,-1753,-2353
236,4812,14392,-5936,-1648,133,-362,-2015
237,4140,14632,-5660,-1664,302,-38,-1437
238,3840,14272,-5404,-1680,762,281,-903
239,4140,13848,-5200,-1664,878,612,-424
240,4544,13180,-5316,-1664,1058,1057,0
241,5304,12620,-5456,-1616,1067,1154,707
242,5928,13536,-6256,-1664,1614,1909,837
243,5560,13980,-6668,-1648,1144,1537,295
244,5612,15208,-7160,-1632,-831,750,-334
245,5216,15388,-6608,-1648,-1164,1124,-722
246,5416,16412,-6260,-1680,412,2373,-1995
247,5544,15268,-5416,-1648,385,1384,-2425
248,6396,18080,-5392,-1648,822,782,-1538
249,4768,15768,-4720,-1664,-1970,-2855,2264
250,3960,12684,-4388,-1648,-681,-571,1768
251,4712,14008,-4332,-1632,1608,1044,-182
252,5660,14392,-4916,-1664,1953,813,-189
253,5912,15036,-5176,-1648,324,-1184,1638
254,6092,14224,-5052,-1648,-623,-1733,2946
255,6136,14044,-5264,-1616,-91,-748,2606
256,5440,14344,-5048,-1664,448,-711,3405
257,5508,14252,-5112,-1680,632,-1056,3743
258,6648,15188,-5696,-1680,1312,-1101,3138
259,9384,18992,-6264,-1648,1331,-2190,4473
260,4000,11904,-5988,-1648,-3215,-6017,7632
261,6408,9536,-5604,-1648,686,1420,2604
262,10676,17332,-8080,-1600,5416,4826,-1025
263,8060,16740,-6948,-1680,1069,-2665,4837
264,7028,10184,-7512,-1648,-988,-1595,5309
265,7100,12876,-7344,-1680,1277,1282,1669
266,7716,14356,-6840,-1648,992,-379,1056
267,7864,13244,-7316,-1664,-202,-1343,2616
268,7924,13344,-7476,-1664,98,-435,2563
269,8152,13116,-6720,-1680,-33,-182,828
270,7596,12320,-6216,-1680,-483,-194,-208
271,8808,12448,-6096,-1648,-1097,240,129
272,10064,15092,-6584,-1648,940,1682,-593
273,9432,10880,-4856,-1664,1862,1431,-979
274,11748,15096,-6668,-1664,2660,3441,-3631
275,9512,15724,-5996,-1712,850,-239,333
276,7996,10748,-5616,-1648,-202,-154,939
277,7400,12168,-5460,-1648,1764,1626,-967
278,8532,12992,-6000,-1632,1182,688,-1485
279,9184,13744,-6132,-1664,44,-553,-877
280,9004,12956,-6112,-1680,-675,-942,434
281,8096,12252,-6056,-1664,209,57,-483
282,8848,12996,-6372,-1664,463,64,-1201
283,9008,13736,-6316,-1648,262,-761,279
284,8364,12700,-6116,-1632,602,-668,1514
285,9160,13716,-6112,-1648,1511,238,682
286,8744,13564,-6540,-1632,1729,35,380
287,8060,13572,-6952,-1664,479,-1095,490
288,8580,12896,-6276,-1632,-191,-1832,409
289,8744,12928,-6564,-1616,-155,-1694,-411
290,9176,13128,-6532,-1680,-303,-2295,-202
291,9192,12948,-6512,-1648,-55,-2341,62
292,10112,13944,-6920,-1632,195,-2300,-659
293,8780,13076,-6944,-1632,-501,-3008,-12
294,6900,10584,-6920,-1696,558,-1611,-573
295,8272,12832,-7268,-1664,1987,-804,-2587
296,8692,14316,-8360,-1616,-9,-3057,-1067
297,8396,13608,-8644,-1648,-1122,-3156,1179
298,7888,13536,-8052,-1648,524,-1802,962
299,7208,13552,-8380,-1648,1146,-1454,-819
300,6688,12892,-7996,-1648,18,-1981,-1598
301,6512,12624,-7824,-1680,58,-1454,-1858
302,6072,12504,-7572,-1632,985,-437,-1927
303,5876,12688,-7416,-1632,1562,-177,-1280
304,6240,13036,-7536,-1632,868,-770,-94
305,6324,12820,-7508,-1648,249,-842,331
306,6796,12996,-7592,-1648,-56,-382,-40
307,6620,12744,-7524,-1632,-253,12,-119
308,6468,12452,-7620,-1680,-671,576,-475
309,6960,12956,-8180,-1632,-1101,1318,-715
310,6580,13076,-8048,-1664,-428,2365,-972
311,7024,13492,-7848,-1664,-1290,2385,-1778
312,6800,14248,-7900,-1632,-1405,2655,-1935
313,6124,12692,-6812,-1648,-74,3617,-2881
314,8376,15824,-7316,-1680,1444,4162,-4620
315,8752,17956,-6836,-1648,-425,-681,-1167
316,5768,12684,-5824,-1648,-3854,-3664,2815
317,5412,12596,-5184,-1648,-1973,-968,1014
318,6620,13536,-5808,-1648,562,806,-658
319,6992,14888,-6184,-1632,1036,849,-6
320,6960,14244,-6300,-1632,249,83,1450
321,7156,13980,-6052,-1648,1040,801,714
322,6952,14152,-6568,-1648,1003,617,-221
323,7324,13664,-6288,-1664,730,-140,194
324,7432,14452,-6444,-1648,802,-806,658
325,6952,13448,-6056,-1664,443,-1667,875
326,7036,14064,-6336,-1648,1504,-939,-91
327,6700,14832,-6800,-1632,2360,-1849,419
328,9252,16476,-7468,-1632,973,-2974,99
329,4360,14188,-6664,-1696,-1600,-5944,2735
330,2968,9240,-6308,-1648,-675,-2217,545
331,8472,15140,-7288,-1664,2336,1768,-4948
332,7592,17736,-8060,-1664,-641,-3234,-356
333,5484,11888,-7360,-1632,-3229,-3723,2928
334,5824,13232,-6980,-1664,-611,244,-801
335,5952,14000,-7808,-1680,480,1073,-2077
336,5592,13740,-7280,-1648,414,794,-740
337,5148,13616,-7232,-1632,141,290,734
338,5300,13452,-7200,-1664,-250,119,128
339,5452,13700,-6840,-1648,298,601,-285
340,5624,14108,-7112,-1648,673,829,725
341,5608,14208,-7080,-1648,404,980,576
342,5700,13884,-7104,-1632,131,1128,-181
343,5944,13720,-6804,-1648,-415,794,-14
344,5904,13600,-6528,-1648,-946,476,618
345,5812,13328,-6560,-1664,-1729,472,548
346,7952,15624,-7084,-1648,-1086,2224,-16
347,6292,15176,-6348,-1648,343,1763,1426
348,6152,13092,-5992,-1632,226,2135,-76
349,8504,15836,-6292,-1648,1245,3270,-2758
350,7512,15924,-5752,-1648,257,-36,368
351,6380,12592,-5220,-1648,-122,-301,1358
352,6236,13980,-5300,-1648,840,843,-677
353,6936,14156,-5844,-1632,-98,-346,-826
354,7168,14296,-5688,-1648,-547,-1106,229
355,6988,13984,-5548,-1664,-709,-1365,1398
356,6720,13780,-5392,-1648,303,-364,627
357,6704,14600,-5712,-1648,636,-364,630
358,6776,14784,-6052,-1632,98,-1178,1378
359,6644,14204,-5804,-1648,-174,-1455,1409
360,6776,14680,-5812,-1648,452,-1160,790
361,6792,14524,-5864,-1632,613,-1459,862
362,6764,14512,-5916,-1648,564,-1881,791
363,6820,14136,-5940,-1632,862,-2143,308
364,8192,15452,-6624,-1648,1286,-2176,-226
365,6264,13000,-6152,-1664,507,-3084,845
366,6072,12196,-6544,-1648,1544,-537,-1464
367,8156,15900,-7872,-1648,1730,-47,-2852
368,7892,15088,-7868,-1648,-169,-2530,361
369,6424,13396,-7300,-1664,-627,-2144,1309
370,6016,13164,-7108,-1632,742,0,-610
371,5808,13176,-7372,-1632,879,281,-1361
372,5880,13232,-7404,-1632,785,16,1
373,5928,13600,-7540,-1632,944,-67,572
374,6036,13580,-7560,-1648,554,32,113
375,5944,13656,-7172,-1680,650,241,-32
376,5948,13544,-7156,-1648,674,254,446
377,5928,13364,-7132,-1680,743,415,324
378,5968,13536,-7180,-1648,734,662,-192
379,6096,13524,-7192,-1664,544,812,-109
380,6316,13660,-7260,-1680,168,790,-202
381,6284,13512,-7132,-1648,-685,597,-365
382,6256,13164,-6780,-1680,-968,1060,-782
383,6244,12800,-6904,-1648,-1093,1850,-1368
384,8108,15664,-7376,-1648,-99,3162,-2310
385,6980,13472,-6272,-1680,-331,1515,-562
386,7228,14468,-5856,-1648,41,1604,-1237
387,8592,15524,-5932,-1632,-76,1233,-750
388,7256,15116,-5720,-1648,-469,368,981
389,6032,13180,-5496,-1632,56,757,1293
390,6032,13660,-5704,-1664,818,1162,291
391,6568,14268,-6036,-1648,196,308,525
392,6964,14880,-5912,-1648,342,79,1582
393,6992,14784,-5932,-1648,502,74,1875
394,6920,14764,-6116,-1616,987,444,958
395,6668,14680,-6492,-1664,1022,422,481
396,6520,14660,-6516,-1648,734,-267,684
397,6432,14080,-6444,-1648,380,-1194,626
398,6772,14076,-5988,-1680,533,-1473,13
399,6888,14308,-5980,-1648,567,-1614,-175
400,6748,13624,-5624,-1648,372,-1910,105
401,7040,14084,-5872,-1664,897,-1550,-445
402,6564,13908,-6088,-1664,487,-2384,-414
403,8264,15184,-6740,-1632,916,-2026,-1304
404,7232,14612,-6792,-1680,-244,-3393,-442
405,5972,12156,-6980,-1632,160,-1319,-1262
406,5640,14120,-7308,-1664,1815,-331,-2610
407,6676,14020,-7796,-1664,-166,-2347,-1634
408,6960,15484,-7648,-1648,-1607,-3143,-487
409,5944,12764,-7484,-1648,-535,-991,-60
410,5524,13656,-7204,-1648,1412,1167,-1963
411,5132,13860,-7388,-1648,1557,827,-1361
412,5084,13792,-7368,-1664,746,125,-862
413,4868,13752,-7500,-1648,385,-402,-321
414,5008,13636,-7328,-1632,340,-390,-116
415,5084,13848,-7264,-1632,528,-215,451
416,5136,13924,-7396,-1632,618,162,728
417,5412,13988,-7196,-1648,288,379,364
418,5020,13860,-7428,-1680,299,609,662
419,5368,14096,-7360,-1648,302,800,680
420,4960,13900,-7488,-1632,-351,478,857
421,5244,13668,-7176,-1632,-947,483,507
422,5396,13900,-7124,-1648,-1898,463,516
423,5444,13416,-7080,-1632,-1160,1820,471
424,6612,15524,-7452,-1632,-594,2550,-241
425,6872,15308,-6988,-1664,-812,1726,185
426,5888,13732,-5864,-1648,-927,1536,-667
427,5988,14016,-6136,-1632,190,2346,-2085
428,7272,14796,-6164,-1632,918,2244,-2324
429,7148,15744,-5792,-1664,349,137,26
430,6252,14120,-5112,-1664,-880,-996,1357
431,5688,14012,-4744,-1648,-103,378,437
432,5600,14420,-5440,-1664,1327,1538,-35
433,5776,15164,-5496,-1616,1410,871,349
434,5936,15236,-5576,-1664,377,-168,812
435,6196,14856,-5396,-1648,585,59,678
436,6304,14984,-5796,-1648,648,490,302
437,5960,14776,-5872,-1648,666,338,320
438,6000,14396,-6040,-1648,246,-239,358
439,6064,13984,-5948,-1600,29,-680,200
440,6268,14176,-5792,-1632,157,-755,-102
441,6220,14524,-5928,-1680,89,-1185,225
442,6116,14664,-6064,-1664,549,-1271,524
443,6200,15040,-6212,-1648,1196,-1144,613
444,6004,14920,-6552,-1680,1898,-1293,524
445,7284,15856,-7424,-1648,1880,-1869,-202
446,6100,14572,-7200,-1648,407,-3593,527
447,5640,11884,-6300,-1632,706,-2138,-225
448,6700,13644,-7140,-1632,2924,533,-2091
449,6972,14244,-7472,-1680,1381,-1215,-419
450,6492,14236,-7616,-1648,-618,-2414,785
451,5732,12828,-7204,-1648,-1017,-1739,677
452,5716,13400,-7228,-1648,108,-92,-1081
453,5580,13604,-7352,-1664,198,-439,-187
454,5584,13804,-7032,-1648,-237,-781,149
455,5564,14024,-6928,-1648,-543,-706,140
456,5408,14156,-7060,-1664,-587,-538,34
457,5232,14228,-6936,-1680,-411,-355,281
458,4908,14236,-6900,-1664,-449,-93,21
459,4980,14104,-6924,-1632,-359,212,-311
460,5184,14196,-6928,-1648,-359,254,-154
461,5244,14148,-6756,-1664,-250,522,53
462,5196,13752,-6780,-1648,-387,915,14
463,5408,13888,-6840,-1648,-292,1411,-84
464,5576,14028,-6736,-1632,-550,1481,-54
465,5468,14016,-6308,-1648,-1104,1471,31
466,6196,13700,-6388,-1632,-1430,1844,-405
467,6408,15548,-6488,-1648,-1181,2175,-499
468,5616,13796,-5772,-1648,-58,2161,-430
469,7516,15544,-5864,-1632,738,2816,-2660
470,8536,18228,-6012,-1664,-235,411,-1205
471,7296,15048,-5032,-1648,-2172,-1342,1466
472,5640,13676,-4412,-1664,-839,741,850
473,5548,13528,-4688,-1648,1007,2481,-598
474,5568,14588,-4852,-1632,1545,2348,-336
475,5748,15056,-5180,-1664,-6,509,1434
476,6080,15260,-4840,-1664,-643,-244,1309
477,6048,15132,-4912,-1632,-741,-216,801
478,6172,14956,-5060,-1680,-215,88,802
479,6260,14624,-5088,-1680,-3,94,844
480,6008,14596,-4764,-1632,393,281,922
481,6064,14752,-4720,-1632,1023,593,746
482,6376,14992,-4936,-1680,1295,389,666
483,6844,15148,-5124,-1664,939,-90,388
484,6652,15148,-5312,-1696,601,-473,168
485,6596,14740,-5084,-1680,648,-612,-197
486,6344,14556,-5216,-1632,521,-1073,-407
487,6396,14136,-5164,-1648,672,-1275,-441
488,6348,14548,-5120,-1648,886,-1549,-120
489,6580,14748,-5312,-1648,804,-2291,293
490,6380,14632,-5404,-1648,958,-2491,636
491,6612,14596,-5588,-1648,2073,-2003,337
492,7312,15944,-6456,-1664,2213,-2243,-20
493,6096,14760,-6280,-1664,1174,-3473,744
494,4880,11556,-6044,-1680,1133,-2076,-453
495,7116,14196,-7244,-1680,3443,856,-3191
496,7256,15860,-7636,-1648,1516,-2099,-356
497,6044,14000,-7528,-1648,-726,-2988,1734
498,5624,13696,-7232,-1680,357,-518,-827
499,5652,13716,-7788,-1632,702,51,-2220
500,5576,13816,-7576,-1648,651,-503,-1048
501,5424,13828,-7748,-1680,354,-840,6
502,5228,13804,-7348,-1648,-188,-1014,-85
503,4712,13256,-7348,-1632,359,-304,139
504,4788,13712,-7012,-1648,767,-94,573
505,4812,13940,-7216,-1648,391,-399,831
506,5028,13904,-6880,-1664,107,-412,866
507,5116,13824,-6760,-1680,129,126,918
508,5204,13908,-7076,-1616,543,913,624
509,5260,13880,-7104,-1680,73,1071,261
510,5236,13920,-6804,-1632,-1012,613,312
511,4996,13500,-6312,-1616,-2021,523,589
512,5180,12948,-6380,-1632,-2400,1406,-283
513,7136,15204,-6540,-1632,394,4119,-2729
514,7568,15884,-6352,-1664,2084,3967,-2573
515,9248,17308,-6760,-1616,414,1861,-1707
516,7976,16480,-6328,-1648,-2037,-1162,541
517,5756,13408,-5732,-1648,-1040,-63,325
518,4536,12752,-5672,-1648,223,893,-428
519,5016,13652,-5988,-1648,1297,836,-139
520,5048,14424,-6100,-1664,564,-628,1604
521,5356,14548,-6136,-1680,560,-989,2282
522,5896,15200,-6148,-1696,1359,-658,1335
523,5688,15308,-6256,-1664,1612,-1182,992
524,5108,14336,-6112,-1648,1908,-1551,868
525,5340,14256,-6380,-1648,2382,-1891,-345
526,7052,16328,-7076,-1616,851,-3347,-1403
527,7336,14764,-7052,-1648,-1320,-3788,-367
528,6572,13668,-6580,-1648,590,-898,-1273
529,7696,16480,-7772,-1648,-115,-644,-2114
530,5408,13676,-7020,-1648,-2447,-2679,-110
531,3936,12076,-6404,-1648,-1655,-552,-521
532,4384,12568,-6872,-1648,-499,1305,-1662
533,4660,13492,-6800,-1648,-512,944,-1013
534,4808,14564,-6876,-1648,-1120,57,1048
535,4724,14284,-6772,-1648,-1534,-178,1485
536,4312,13892,-6336,-1664,-1095,362,420
537,4468,14356,-6240,-1648,-384,862,283
538,4492,14476,-6176,-1680,-117,736,1036
539,4776,14556,-5720,-1648,-200,932,757
540,4560,14724,-5504,-1648,-567,992,160
541,4760,14536,-5584,-1632,-397,1667,-374
542,6516,16044,-5472,-1648,1414,2891,-2053
543,7456,17808,-5556,-1648,1601,1999,-2395
544,8692,16580,-5908,-1680,-58,1036,-1397
545,6700,17208,-5224,-1616,-746,-231,-42
546,5100,13380,-5068,-1632,-645,705,155
547,4540,13652,-5004,-1648,1650,2526,-1777
548,4468,14300,-5688,-1648,1256,1348,-707
549,5216,14700,-5668,-1632,1034,473,85
550,5624,15416,-5652,-1616,774,-182,545
551,5684,15408,-5628,-1648,771,-549,425
552,5088,14784,-5720,-1632,1479,-234,346
553,4816,13668,-5644,-1648,2174,-204,273
554,4756,14132,-5860,-1664,2371,-828,406
555,4868,14296,-5908,-1616,2668,-1924,973
556,5868,15100,-6380,-1648,1958,-3216,984
557,6572,17356,-6860,-1680,718,-4621,1718
558,4104,13444,-6376,-1632,-1022,-4862,3375
559,4504,12280,-6344,-1680,1772,-204,-731
560,6836,16128,-7508,-1664,1495,-30,-2351
561,6084,15792,-7632,-1664,-1631,-3486,1039
562,4952,12644,-6760,-1664,-2142,-2472,1838
563,4860,12972,-6628,-1648,-338,477,-828
564,4612,13652,-7020,-1664,896,1315,-850
565,4640,14180,-7100,-1616,626,551,658
566,4748,14564,-7204,-1648,-421,-726,1156
567,4736,14356,-6732,-1648,-948,-973,402
568,4776,14428,-6860,-1664,-475,-115,281
569,4592,14368,-6904,-1648,77,512,464
570,4816,13988,-6640,-1616,-119,860,-56
571,4916,14196,-6336,-1680,-579,1033,-285
572,5292,13800,-6016,-1680,-1226,997,-115
573,7016,15696,-6172,-1680,-845,2095,-501
574,5880,14952,-5416,-1632,430,2775,402
575,6736,14356,-5632,-1648,1946,4677,-1468
576,7624,17444,-6008,-1648,1837,3388,-1673
577,6008,15036,-5568,-1680,-875,-156,1128
578,4900,13348,-5176,-1648,-643,408,805
579,5644,14088,-5584,-1648,649,1480,-251
580,6176,15224,-6204,-1648,819,991,-277
581,6044,15708,-6248,-1680,45,-699,1139
582,5820,15012,-5888,-1632,-724,-1720,946
583,5660,14700,-5588,-1664,-256,-1720,369
584,5360,14348,-5548,-1680,887,-1754,875
585,5288,14524,-5948,-1648,1598,-1824,799
586,5484,14944,-5996,-1664,1502,-2844,146
587,6776,15828,-6360,-1664,715,-3979,-123
588,6560,14624,-6084,-1648,-257,-4555,654
589,5556,13396,-6132,-1648,970,-1865,-376
590,4800,12720,-6176,-1680,1971,-585,-1486
591,7100,15268,-7048,-1648,981,-797,-1675
592,6260,15608,-7144,-1648,-1165,-2709,1279
593,5304,12824,-6692,-1616,-564,-376,1057
594,4736,13792,-6876,-1680,848,1344,-736
595,4892,13596,-7196,-1664,713,1017,-618
596,5340,14464,-6784,-1632,202,225,270
597,5356,14528,-7056,-1648,-400,-683,1065
598,5404,14576,-6848,-1664,-159,2,314
599,4968,14412,-6872,-1648,210,594,202
600,4916,14404,-6916,-1616,684,1599,-48
601,4920,14440,-7196,-1680,734,2149,-516
602,4672,14312,-6928,-1664,-245,1215,-284
603,4712,14192,-6872,-1648,-809,995,236
604,5920,15092,-7016,-1632,97,2345,102
605,5776,15708,-6848,-1648,486,2708,-156
606,4508,13256,-6568,-1632,1440,3496,-1474
607,5952,13828,-6036,-1664,1880,3325,-3560
608,7740,17228,-6252,-1664,720,296,-1069
609,6328,15460,-5344,-1648,-1579,-2672,3029
610,5560,14564,-5248,-1632,-423,-98,756
611,5476,14960,-5892,-1680,414,787,-1705
612,5704,15052,-5520,-1648,-151,-578,-1408
613,5380,14508,-5784,-1632,-865,-1620,176
614,5480,13604,-5468,-1648,-174,-891,-213
615,4968,14112,-5744,-1616,913,-330,-635
616,4924,14060,-5804,-1648,780,-1551,399
617,5080,14064,-5904,-1664,426,-2670,647
618,6028,14840,-6288,-1680,346,-3236,-364
619,5440,15328,-6420,-1648,-495,-4588,75
620,5708,13276,-6796,-1664,-546,-3559,226
621,5516,15280,-6720,-1632,634,-1916,-437
622,6236,14828,-7328,-1696,780,-1473,525
623,6076,16864,-7412,-1648,-455,-2591,694
624,4964,14072,-6984,-1648,-1761,-3214,1620
625,4600,13652,-6420,-1680,-609,-1087,-502
626,4680,13540,-6644,-1648,31,-203,-299
627,4812,13704,-6780,-1664,696,648,22
628,4732,14392,-6796,-1632,919,601,985
629,4396,14576,-6948,-1648,231,-153,1679
630,4052,14388,-6324,-1696,66,-71,1448
631,4044,14204,-6500,-1664,274,643,805
632,4800,14044,-6108,-1648,-302,745,240
633,4680,13772,-5832,-1648,-849,660,568
634,4588,13744,-5876,-1664,-1241,1387,888
635,5860,15584,-6164,-1632,-422,3125,542
636,5424,15404,-5556,-1648,835,4213,166
637,5572,14816,-5852,-1632,2063,5231,-1922
638,7516,17064,-5524,-1664,1307,3497,-2466
639,6560,16820,-5244,-1664,-1449,-508,713
640,5176,14048,-4656,-1664,-1328,-152,1358
641,5100,14292,-4784,-1632,150,1779,-1195
642,5952,14988,-5268,-1664,118,1579,-1909
643,5652,15124,-5656,-1632,-91,520,-174
644,5484,14932,-5456,-1632,-179,-247,147
645,5252,14616,-5288,-1648,110,-654,-409
646,5392,14848,-5364,-1648,730,-682,-204
647,5228,14888,-5312,-1664,900,-1165,472
648,5456,14868,-5388,-1648,1412,-1222,-47
649,5228,14896,-5388,-1680,1505,-1670,-534
650,6368,15584,-5692,-1648,1705,-1799,-983
651,6452,16348,-6012,-1648,429,-3082,-157
652,4452,13056,-5340,-1648,500,-2011,281
653,4948,13656,-5696,-1632,2946,1239,-2343
654,6660,16412,-6852,-1664,1402,-291,-1522
655,5560,16008,-6872,-1680,-954,-2398,1153
656,5016,13764,-6500,-1648,-952,-794,556
657,4604,13708,-6492,-1632,178,940,-1514
658,4720,13936,-6884,-1648,1121,1628,-1245
659,4456,14260,-6752,-1648,928,744,481
660,4416,14364,-6876,-1632,64,-109,962
661,4576,14384,-6696,-1664,108,17,258
662,4532,14288,-6412,-1632,514,681,359
663,4556,14404,-6396,-1632,1180,1452,300
664,4804,14528,-6188,-1648,930,1346,104
665,4392,14196,-5956,-1632,261,929,54
666,4512,13976,-6024,-1664,350,1690,109
667,5920,15876,-6204,-1648,751,2117,-399
668,5492,15404,-5676,-1664,726,1553,47
669,5688,13792,-5440,-1648,860,2143,-1163
670,7532,16604,-6288,-1664,621,2077,-2362
671,6100,15836,-5960,-1664,-1379,-557,579
672,4696,13636,-5244,-1648,-198,504,794
673,4992,14624,-5620,-1616,-307,459,-549
674,5564,14852,-6184,-1664,-403,25,-765
675,5288,14912,-6068,-1648,-194,-355,168
676,4924,14628,-5932,-1664,-161,-963,691
677,5124,14412,-5528,-1680,284,-985,-7
678,4844,14688,-5584,-1648,712,-1121,854
679,5024,14596,-5284,-1680,928,-1436,1553
680,5156,14804,-5800,-1632,1405,-1470,902
681,4992,14976,-6072,-1600,1770,-1843,613
682,5956,16024,-6428,-1680,1517,-2296,452
683,5752,14884,-6220,-1648,-44,-3239,813
684,5516,14544,-6236,-1632,1244,-769,-311
685,4936,14024,-6516,-1632,1842,357,-459
686,6044,16148,-7220,-1648,1052,177,-1050
687,4864,14740,-7140,-1648,-1168,-1611,554
688,4156,13128,-6512,-1648,-269,378,-308
689,4924,13876,-6820,-1664,802,1591,-1138
690,5368,14412,-6936,-1664,283,1053,-710
691,5404,14420,-6996,-1680,9,767,17
692,5232,13880,-7212,-1664,25,893,-122
693,5092,13788,-7100,-1664,563,1353,-723
694,4928,14364,-7268,-1680,687,1281,-6
695,4932,14220,-6712,-1648,487,1058,645
696,5008,14624,-6864,-1664,342,1183,232
697,4812,14356,-6664,-1616,-474,704,296
698,4988,14560,-6264,-1632,-740,876,440
699,4564,14936,-6344,-1680,127,1692,327
700,5752,14468,-6020,-1632,1592,2894,-1302
701,6268,15832,-6092,-1664,1602,1733,-1733
702,6540,16108,-5832,-1664,406,-222,-325
703,5816,14664,-5508,-1648,-932,-709,513
704,4904,13972,-5556,-1632,660,586,-255
705,5300,14552,-5992,-1648,1156,1082,-1100
706,5840,15296,-6028,-1680,208,-92,-345
707,5592,15132,-6300,-1664,-226,-318,167
708,5344,14500,-6404,-1648,124,144,-565
709,4888,14612,-6696,-1664,360,-17,-855
710,4536,13928,-6224,-1680,601,-546,-135
711,5192,14868,-6192,-1664,704,-847,-161
712,5200,15088,-5936,-1664,229,-1736,427
713,4912,14436,-5728,-1648,234,-2201,534
714,4764,15004,-6164,-1632,317,-2509,260
715,4924,14272,-6012,-1680,-141,-3560,506
716,5252,14548,-6044,-1648,154,-3639,589
717,5664,15580,-6468,-1696,345,-3375,789
718,4516,13624,-6644,-1648,-118,-2823,278
719,5488,14080,-6844,-1648,979,-432,-1884
720,5836,16020,-7656,-1712,885,-746,-1072
721,5252,15232,-7664,-1632,-556,-1849,451
722,4796,14992,-7252,-1664,-839,-1683,-57
723,4172,13920,-7220,-1664,-528,-1055,-471
724,3548,13736,-7064,-1632,593,-5,-626
725,3940,14192,-7208,-1664,871,-36,-296
726,4132,14904,-7232,-1648,414,-692,-58
727,3860,14540,-7128,-1648,-228,-1295,855
728,3824,14344,-6768,-1632,156,-663,646
729,3608,14456,-6892,-1664,583,-362,310
730,3792,14420,-6876,-1648,183,-658,535
731,3972,14600,-6884,-1664,-204,-799,1101
732,4020,14084,-6532,-1680,-157,-324,991
733,4628,14324,-6352,-1616,-635,-27,583
734,4380,14236,-6456,-1648,-1291,201,991
735,5124,15312,-6392,-1680,-1470,584,973
736,5340,15188,-5992,-1664,-1927,164,985
737,4568,13728,-4920,-1648,-1894,20,-416
738,6636,14384,-5248,-1632,-988,2188,-2091
739,7644,16920,-5900,-1632,-542,1932,-517
740,5096,15100,-5312,-1664,-1427,57,2326
741,3676,14288,-5028,-1616,-565,1163,1372
742,4256,14700,-5276,-1648,-1014,373,807
743,4764,15796,-5400,-1664,-751,-395,1520
744,5036,16380,-5232,-1648,-768,-1267,2128
745,5300,16108,-4916,-1632,-1149,-1873,1561
746,5256,15128,-4888,-1648,-311,-827,1114
747,5592,15288,-4896,-1632,538,-451,1007
748,5932,15196,-4612,-1680,762,-775,955
749,6116,14608,-4424,-1664,106,-1874,804
750,5840,14652,-4500,-1664,457,-1897,676
751,5516,14816,-5284,-1648,937,-2037,405
752,6672,16268,-6072,-1664,819,-2311,-14
753,6800,17440,-5956,-1648,423,-3144,679
754,3540,12300,-5288,-1632,608,-2517,906
755,3564,11344,-4692,-1664,2700,700,-2777
756,7248,15732,-6536,-1680,3136,1131,-3989
757,8304,16988,-6644,-1664,-457,-3047,1214
758,6568,14148,-6240,-1632,-1465,-2744,2298
759,5468,12740,-6156,-1632,11,210,-1109
760,4832,13008,-6408,-1648,608,452,-1229
761,4544,13568,-6264,-1664,596,-447,1875
762,4816,13996,-6264,-1680,580,-377,3280
763,5072,15004,-6512,-1680,703,89,2413
764,5016,14992,-6192,-1680,-239,-401,2552
765,5000,15116,-6084,-1648,-474,53,2527
766,5576,14584,-5372,-1664,-867,895,2375
767,4656,14240,-5620,-1648,-234,1616,1233
768,6696,15144,-6000,-1648,-1408,1633,345
769,6248,13532,-5080,-1664,-963,818,-134
770,8340,12512,-4324,-1664,-1269,844,-1062
771,11176,17160,-4572,-1632,-88,1383,-322
772,8988,15012,-4376,-1648,-493,412,3659
773,6140,12724,-4668,-1648,1021,3425,3134
774,5836,13628,-4840,-1664,2390,4078,1861
775,6896,14748,-5388,-1632,1639,2234,852
776,7672,16424,-6468,-1712,345,633,1576
777,7272,15372,-6068,-1664,802,63,2164
778,7016,14004,-5480,-1648,1927,573,1421
779,7688,14188,-5360,-1664,2945,284,780
780,8368,14092,-5600,-1648,3021,-1174,1061
781,8544,13636,-5424,-1648,1616,-3494,1673
782,9500,13560,-6036,-1664,1785,-3934,562
783,12280,16084,-6736,-1648,2491,-3318,-929
784,5956,11044,-6756,-1664,1244,-4619,1662
785,5900,9200,-5612,-1632,1105,-2443,-1169
786,9540,13276,-6828,-1664,3170,539,-4838
787,10380,16548,-8212,-1632,472,-2818,-1490
788,7272,12456,-7576,-1648,-2570,-3746,2721
789,6580,12984,-7188,-1616,-250,-97,-1027
790,6264,13380,-8068,-1648,-939,-507,-2647
791,5708,13012,-7156,-1648,-1617,-1651,-758
792,5572,13560,-6896,-1632,-677,-1048,431
793,5900,13496,-6528,-1632,-185,-757,-432
794,6552,13656,-6084,-1648,11,-670,-702
795,6724,13724,-6464,-1632,-741,-709,510
796,6132,13536,-6264,-1680,-834,-206,893
797,5668,12828,-6024,-1648,-1475,708,-519
798,7400,14112,-6904,-1664,-1408,2395,-2490
799,9136,15648,-6540,-1648,1295,4167,-2452
800,7596,14276,-6156,-1648,2133,3669,-1101
801,9192,16640,-6196,-1680,1415,2872,-1830
802,7216,15000,-6224,-1616,-1408,-444,1075
803,5656,12788,-5520,-1648,-524,723,667
804,5620,13576,-6100,-1664,493,862,-738
805,6868,14140,-5940,-1680,-796,-1177,-980
806,7300,14472,-5920,-1648,-1131,-1877,290
807,6676,13912,-5692,-1680,-270,-1525,769
808,6472,13820,-5636,-1648,729,-964,-598
809,6720,14400,-5488,-1664,1404,-1314,-180
810,6464,14256,-5420,-1664,1495,-1893,1240
811,6368,14500,-5372,-1632,2000,-1550,456
812,5996,15028,-6072,-1664,2772,-1338,-752
813,7376,16328,-6852,-1632,1498,-2465,-1061
814,6304,13732,-6412,-1680,-513,-3760,124
815,6808,13496,-6240,-1648,1271,-150,-1686
816,5720,13152,-6868,-1648,2039,878,-1513
817,7272,15076,-7748,-1664,1320,941,-1717
818,5932,14256,-8020,-1664,-614,-674,99
819,5444,13032,-7788,-1648,-598,539,-746
820,5656,13516,-7780,-1632,590,1709,-1717
821,5368,13160,-8000,-1664,641,1371,-983
822,5500,13484,-7692,-1680,496,963,-228
823,5196,13432,-7984,-1648,280,456,374
824,5112,13392,-7600,-1664,339,446,350
825,5244,13412,-7620,-1664,256,479,760
826,5268,13576,-7468,-1664,206,468,1133
827,5540,13604,-7128,-1680,-508,87,1324
828,5196,13204,-6392,-1664,-1341,39,1527
829,6424,13956,-6828,-1680,-1100,1431,875
830,7212,16056,-6732,-1680,-744,1211,677
831,6396,12980,-6040,-1664,-79,1569,526
832,7740,14972,-6072,-1664,1234,2758,-2082
833,9280,17104,-6392,-1696,-74,381,-396
834,7276,14500,-5724,-1680,-1675,-1308,2137
835,5664,13432,-5096,-1664,248,822,1042
836,5708,13860,-5652,-1664,198,573,-382
837,6452,14504,-5648,-1648,149,-239,161
838,6808,14932,-5780,-1696,157,-800,1481
839,6928,14828,-5836,-1680,-25,-875,613
840,6732,14212,-5920,-1632,685,-126,-826
841,6580,14508,-5996,-1680,1134,-298,-825
842,6384,14552,-6144,-1664,828,-1372,21
843,6284,14404,-6272,-1648,1130,-1741,-556
844,6368,14444,-6528,-1680,1060,-2488,-1374
845,7520,16032,-6960,-1664,212,-3410,-1548
846,6536,13148,-6380,-1664,-597,-3336,-129
847,5592,11860,-6108,-1664,1802,205,-1778
848,7992,13912,-7392,-1648,2171,1633,-2815
849,7268,16164,-7560,-1664,418,-1064,218
850,5476,12360,-7672,-1648,-1510,-1796,2576
851,4736,12432,-7332,-1664,-169,249,171
852,4712,13168,-7520,-1648,538,225,-17
853,5084,13888,-7336,-1616,44,-854,2040
854,5080,14320,-6948,-1664,-203,-1397,3926
855,5196,14372,-6948,-1664,82,-429,2722
856,5456,14712,-7128,-1648,43,-63,1600
857,5456,13924,-6852,-1680,136,328,1198
858,5984,13788,-6572,-1680,511,1302,101
859,5928,13968,-6396,-1648,-190,1074,-432
860,7828,14696,-6528,-1664,-1567,1142,-911
861,7548,15356,-5920,-1664,203,2167,-484
862,6308,12140,-5564,-1664,2720,4339,-1516
863,8852,15740,-6492,-1664,2997,4979,-4771
864,8580,17084,-6832,-1664,-315,-37,-953
865,6232,12676,-5784,-1648,-1706,-904,1364
866,5592,13280,-5336,-1680,259,1477,-746
867,6324,13896,-6644,-1632,238,1394,-2152
868,6716,14860,-6652,-1664,-42,167,-1333
869,6304,13948,-6372,-1648,-805,-1544,617
870,6600,13728,-5836,-1648,-475,-1651,-337
871,6848,14332,-5900,-1648,250,-1775,-264
872,6404,14484,-6068,-1664,836,-1798,1196
873,5932,14408,-6220,-1600,1547,-1673,927
874,5116,13920,-6264,-1664,2327,-2176,-154
875,6812,15796,-6644,-1664,709,-4077,-737
876,8472,14584,-5892,-1680,-2323,-4883,1342
877,7052,14700,-6684,-1664,1010,186,1497
878,3976,11860,-6252,-1648,3614,1759,1842
879,5736,14356,-6572,-1648,2580,1253,-174
880,7440,15712,-7572,-1648,-1054,-1980,655
881,6508,13408,-8024,-1680,-2524,-1605,1295
882,6216,12636,-7580,-1648,196,1582,-1352
883,5764,13116,-8220,-1648,205,927,-1277
884,5728,13176,-7708,-1632,-449,-713,1388
885,6248,13484,-7412,-1632,593,-279,2524
886,6312,13416,-7432,-1680,589,-609,1595
887,6820,14008,-6856,-1664,-172,-1616,1299
888,6728,13996,-6792,-1680,-514,-1726,1875
889,6684,13900,-6532,-1680,-537,-1361,2004
890,6424,14316,-6640,-1680,-244,-1053,1559
891,6416,14628,-6656,-1648,-244,-981,1413
892,6772,14392,-6580,-1648,-460,-1051,1138
893,7328,13984,-6444,-1680,-717,-947,678
894,7856,13596,-6344,-1664,-471,-378,952
895,7836,13472,-6224,-1680,243,225,815
896,7680,13048,-6580,-1664,-81,588,355
897,7720,13268,-6732,-1664,588,836,104
898,7576,13232,-7140,-1664,940,1092,282
899,7288,13764,-7472,-1648,968,794,97
900,7460,13804,-7316,-1648,554,301,215
901,7124,13896,-6996,-1648,345,-127,239
902,7276,14004,-6700,-1664,425,-310,177
903,7648,14076,-6380,-1648,690,-122,-207
904,7548,14108,-6480,-1664,638,-184,-263
905,7616,13724,-6436,-1632,281,-322,-172
906,7544,13428,-6644,-1680,251,-139,-462
907,7652,12988,-6656,-1696,276,55,-692
908,7908,13048,-6496,-1664,460,429,-723
909,7744,13080,-6612,-1648,425,361,120
910,7748,12804,-6608,-1664,530,630,588
911,7708,13316,-6712,-1664,798,926,600
912,7708,13540,-6936,-1664,695,751,712
913,7536,13664,-7036,-1680,692,607,765
914,7336,13696,-7076,-1616,489,147,829
915,7616,13776,-6872,-1680,272,-136,330
916,7700,13604,-6880,-1664,203,-426,198
917,7588,13288,-6656,-1648,386,-492,218
918,7756,13392,-6732,-1664,433,-539,111
919,7980,13164,-6536,-1664,546,-540,183
920,7920,13268,-6632,-1648,599,-468,361
921,7888,13204,-6636,-1664,718,-314,468
922,7964,13340,-6696,-1680,480,-326,418
923,8044,13240,-7044,-1648,328,-193,473
924,7844,13184,-7080,-1664,563,120,480
925,7996,13156,-6916,-1648,177,-126,577
926,7992,13304,-6796,-1648,136,-4,496
927,8156,13000,-6480,-1648,-119,-18,634
928,8280,12920,-6304,-1632,-182,202,472
929,8428,12996,-6428,-1648,-136,453,445
930,8284,13092,-6680,-1632,-8,619,461
931,8344,12952,-6680,-1648,-98,575,604
932,8312,13180,-6924,-1664,159,825,518
933,8280,13168,-7092,-1632,361,815,587
934,8380,12940,-6800,-1648,146,579,615
935,8584,12788,-6552,-1648,202,590,726
936,9000,12676,-6476,-1632,222,683,794
937,9000,12948,-6580,-1664,71,492,1084
938,9076,12612,-6284,-1664,-167,474,1325
939,9056,12704,-6624,-1664,104,734,1123
940,9012,12788,-6896,-1696,21,329,1466
941,9080,12640,-6704,-1648,423,437,1347
942,9224,13008,-6544,-1664,762,493,1143
943,9396,12884,-6364,-1680,945,437,1009
944,9404,12908,-6044,-1680,1140,485,733
945,9516,12880,-6176,-1664,898,231,630
946,9508,12844,-5956,-1680,737,227,454
947,9448,12860,-5944,-1648,892,372,117
948,9460,12884,-6332,-1680,550,44,-9
949,9472,12840,-6392,-1648,530,111,-235
950,9228,12836,-6364,-1648,637,212,-477
951,9444,12716,-6596,-1664,623,86,-577
952,9368,12632,-6540,-1648,549,-104,-659
953,9440,12560,-6372,-1648,588,98,-791
954,9420,12524,-6540,-1664,738,145,-985
955,9520,12500,-6340,-1648,391,-137,-909
956,9484,12388,-6280,-1632,497,-31,-856
957,9388,12424,-6348,-1648,577,42,-760
958,9320,12444,-6404,-1616,532,-32,-697
959,9348,12448,-6584,-1664,602,23,-518
960,9396,12428,-6448,-1648,605,71,-385
961,9260,12408,-6440,-1648,391,-104,-175
962,9404,12296,-6456,-1664,265,-69,0
963,9332,12352,-6384,-1664,275,-37,177
964,9332,12328,-6392,-1696,300,74,381
965,9324,12616,-6520,-1632,371,176,529
966,9144,12476,-6520,-1664,511,189,752
967,9316,12796,-6448,-1680,592,207,621
968,9232,12912,-6684,-1648,515,80,545
969,8968,12920,-6628,-1648,534,41,318
970,9088,12908,-6584,-1680,418,-189,-19
971,9248,12796,-6668,-1664,242,-373,-209
972,9192,12696,-6424,-1680,294,-312,-329
973,9404,12572,-6356,-1632,215,-341,-386
974,9432,12404,-6344,-1664,165,-308,-434
975,9508,12472,-6296,-1680,88,-231,-372
976,9412,12504,-6468,-1664,143,-59,-249
977,9144,12488,-6584,-1632,44,-139,-200
978,9160,12608,-6584,-1680,-58,-230,-153
979,9220,12572,-6828,-1648,88,-204,7
980,9080,12712,-6712,-1664,206,-314,144
981,8860,12668,-6556,-1648,307,-396,102
982,9056,12632,-6512,-1664,322,-521,49
983,9188,12820,-6456,-1664,405,-516,61
984,9028,12636,-6324,-1664,528,-386,249
985,9112,12680,-6360,-1680,639,-272,71
986,9316,12864,-6496,-1680,471,-223,-19
987,9120,12920,-6656,-1680,518,-122,-55
988,9028,12616,-6728,-1680,388,-102,-109
989,9132,12716,-6620,-1632,189,-190,-312
990,9336,12440,-6648,-1680,-24,-281,-310
991,9368,12380,-6724,-1664,-79,-268,-175
992,9164,12264,-6764,-1648,-89,-230,-32
993,9220,12400,-6680,-1664,-61,-221,88
994,9240,12624,-6660,-1680,20,-218,326
995,9060,12696,-6724,-1648,203,-180,516
996,9036,12928,-6632,-1664,369,-179,415
997,8952,12920,-6644,-1664,260,-362,345
998,8980,13064,-6660,-1680,382,-374,230
999,8972,12892,-6552,-1664,353,-392,261
1000,8908,12916,-6656,-1648,575,-278,-53
1001,9216,12740,-6528,-1648,332,-358,-186
1002,9128,12672,-6668,-1616,424,-220,-259
1003,9128,12408,-6596,-1680,334,-158,-190
1004,9024,12380,-6740,-1680,264,-106,-412
1005,9212,12412,-6584,-1648,254,-131,-327
1006,9256,12484,-6704,-1664,153,-118,-319
1007,9076,12676,-6588,-1632,130,-195,-227
1008,9092,12556,-6580,-1648,69,-286,-239
1009,8964,12792,-6700,-1648,145,-229,-88
1010,8980,12828,-6680,-1648,240,-198,7
1011,8676,12632,-6492,-1664,344,-232,139
1012,9044,12804,-6576,-1648,512,-45,8
1013,8988,12832,-6568,-1680,524,-92,205
1014,8932,12752,-6628,-1664,602,48,105
1015,9048,12796,-6868,-1664,546,-12,2
1016,8948,12776,-6720,-1632,429,2,70
1017,8924,12660,-6688,-1616,487,24,118
1018,8884,12652,-6884,-1664,367,-75,85
1019,9032,12636,-6668,-1664,300,-69,-170
1020,9084,12724,-6820,-1648,200,-137,-49
1021,9108,12568,-6472,-1648,184,-46,-79
1022,9012,12620,-6592,-1616,104,-71,-141
1023,9044,12728,-6504,-1648,120,0,-107
1024,8960,12656,-6516,-1680,165,-2,24
1025,8920,12572,-6748,-1648,182,-23,16
1026,9088,12684,-6628,-1680,188,-91,-8
1027,9004,12736,-6664,-1696,285,-135,163
1028,8900,12708,-6708,-1648,374,-100,247
1029,9016,12808,-6664,-1664,423,-139,111
1030,9148,12816,-6692,-1680,321,-213,161
1031,9052,12664,-6796,-1616,465,-124,168
1032,8968,12668,-6784,-1664,396,-199,118
1033,9080,12740,-6732,-1680,414,-179,-41
1034,9104,12844,-6808,-1664,377,-230,-39
1035,8960,12800,-6664,-1632,374,-244,-94
1036,8996,12684,-6624,-1648,299,-233,-139
1037,8948,12732,-6744,-1664,306,-171,-236
1038,9100,12712,-6672,-1664,260,-175,-199
1039,9060,12732,-6844,-1632,256,-178,-188
1040,9060,12704,-6788,-1616,301,-127,-173
1041,8872,12448,-6760,-1680,318,-95,-15
1042,8956,12668,-6780,-1664,372,-53,-83
1043,9036,12676,-6612,-1664,303,-145,30
1044,9048,12676,-6576,-1648,344,-99,77
1045,8996,12468,-6868,-1648,354,-77,208
1046,8944,12660,-6848,-1664,338,-117,66
1047,9100,12572,-6764,-1648,335,-153,120
1048,9068,12668,-6700,-1664,328,-112,123
1049,8988,12604,-6768,-1648,309,-143,118
1050,9032,12672,-7004,-1648,268,-118,21
1051,8972,12628,-6824,-1680,302,-111,33
1052,8924,12532,-6644,-1664,211,-192,48
1053,9208,12820,-6756,-1648,280,-111,-82
1054,8928,12536,-6796,-1664,208,-218,77
1055,8796,12672,-6824,-1680,315,-97,-11
1056,9008,12688,-6692,-1664,301,-192,-60
1057,9152,12800,-6820,-1648,257,-185,-106
1058,8932,12640,-6764,-1648,342,-102,29
1059,8760,12672,-6748,-1664,334,-117,-67
1060,9012,12716,-6944,-1680,352,-192,-64
1061,8968,12652,-6892,-1664,349,-230,-65
1062,8948,12752,-6872,-1648,314,-271,-80
1063,8924,12648,-6780,-1680,299,-244,-138
1064,9020,12672,-6696,-1680,317,-279,-91
1065,8764,12504,-6736,-1632,280,-195,-20
1066,9020,12672,-6724,-1664,291,-125,-121
1067,8832,12608,-6688,-1648,122,-273,147
1068,8720,12608,-6732,-1648,334,2,28
1069,8892,12708,-6796,-1664,209,-158,30
1070,8988,12852,-6784,-1616,223,-110,51
1071,8880,12720,-6664,-1664,257,-42,127
1072,8760,12696,-6684,-1648,240,-2,50
1073,8924,12668,-6764,-1680,328,19,-27
1074,8988,12696,-6816,-1648,304,2,31
1075,9076,12564,-6928,-1664,310,46,58
1076,8832,12600,-6816,-1664,381,111,214
1077,9088,12660,-6664,-1648,361,84,266
1078,8784,12992,-6748,-1664,463,131,273
1079,8872,13024,-6836,-1664,429,81,159
1080,8980,13144,-6948,-1648,392,7,-73
1081,8884,12960,-7044,-1680,394,-97,-126
1082,8924,13004,-6812,-1664,473,-165,-306
1083,9076,12924,-7092,-1664,272,-431,-656
1084,9116,12748,-6916,-1616,-97,-863,-737
1085,9052,12632,-7016,-1648,-230,-1040,-847
1086,8948,12280,-6732,-1632,-561,-1338,-820
1087,8944,12312,-6728,-1664,-667,-1392,-750
1088,8936,12444,-6888,-1648,-714,-1366,-339
1089,8632,12508,-6808,-1664,-575,-1197,46
1090,8588,12724,-6712,-1648,0,-694,127
1091,8296,13088,-6932,-1664,438,-494,281
1092,8456,13124,-6944,-1648,52,-937,427
1093,8460,12972,-6764,-1680,-12,-983,358
1094,8448,13136,-6836,-1648,153,-868,310
1095,8328,12780,-6764,-1664,212,-888,525
1096,8464,12908,-6984,-1680,373,-642,339
1097,8432,12812,-6968,-1632,479,-375,400
1098,8480,12860,-6892,-1680,838,-106,330
1099,8372,12788,-6944,-1712,722,-68,397
1100,8384,12972,-6784,-1664,694,95,209
1101,8416,13188,-6928,-1696,486,213,129
1102,8392,13024,-6872,-1648,300,194,50
1103,8236,12984,-6792,-1648,146,304,-246
1104,8268,12836,-6736,-1664,92,371,-435
1105,8396,12764,-6568,-1680,44,327,-316
1106,8712,12916,-6636,-1664,422,765,-340
1107,8656,12940,-6672,-1648,763,1024,-302
1108,8708,13192,-6592,-1680,996,1265,-445
1109,8500,13036,-6600,-1664,1184,1407,-358
1110,8468,13144,-6836,-1664,1368,1435,-587
1111,8644,13076,-6984,-1632,1146,1150,-583
1112,8748,12960,-6952,-1616,1214,1163,-697
1113,8708,12824,-7140,-1648,1215,1054,-636
1114,8592,12656,-7016,-1680,1216,869,-587
1115,8768,12704,-7004,-1712,1131,726,-546
1116,8836,12692,-6920,-1696,1045,58ÿ
Sample,aX,aY,az,Temp,gX,gY,gz
1,8868,12540,-7324,-1680,556,31,143
2,8828,12424,-7356,-1680,658,31,247
3,8724,12516,-7152,-1680,688,20,299
4,8716,12560,-7104,-1680,777,87,298
5,8756,12636,-7140,-1664,834,111,271
6,8748,12640,-7164,-1648,706,-18,323
7,8712,12588,-7296,-1680,761,0,219
8,8664,12572,-7376,-1680,710,-16,172
9,9048,12668,-7232,-1648,698,-4,-59
10,8804,12560,-7336,-1648,566,10,-132
11,8800,12356,-7412,-1664,593,101,-154
12,8652,12396,-7508,-1632,496,9,-308
13,8856,12456,-7608,-1664,359,-91,-312
14,8832,12448,-7648,-1680,439,-6,-314
15,8784,12368,-7596,-1632,457,-25,-214
16,8776,12432,-7536,-1664,529,-16,-352
17,8884,12320,-7544,-1664,565,7,-307
18,8872,12384,-7376,-1664,653,83,-212
19,8908,12348,-7488,-1664,649,54,-152
20,8816,12272,-7368,-1664,589,-20,-90
21,8892,12348,-7484,-1696,569,-23,-43
22,8816,12372,-7628,-1680,640,35,121
23,8800,12412,-7800,-1680,600,74,103
24,8700,12292,-7680,-1648,508,-22,190
25,8944,12424,-7708,-1632,468,9,39
26,8884,12372,-7664,-1648,332,-130,96
27,8768,12260,-7596,-1680,401,-25,140
28,8804,12332,-7652,-1616,424,-19,37
29,8836,12308,-7664,-1664,144,-306,18
30,8904,12248,-7736,-1664,156,-178,-49
31,8884,12268,-7468,-1664,307,-63,43
32,8796,12332,-7612,-1664,303,-160,31
33,8812,12308,-7572,-1632,173,-221,5
34,8820,12324,-7664,-1648,212,-173,49
35,8700,12256,-7532,-1648,113,-317,236
36,8808,12252,-7412,-1648,9,-438,268
37,9044,12212,-7060,-1648,-99,-433,345
38,9128,12452,-7292,-1664,-196,-302,445
39,9396,12784,-7576,-1664,-260,-106,258
40,9176,12660,-8148,-1648,-275,27,145
41,8872,12096,-7956,-1680,591,670,293
42,8432,12028,-7948,-1680,1887,1087,667
43,8644,12468,-7756,-1648,2393,788,818
44,8780,12960,-7736,-1632,1900,62,860
45,8972,12828,-7744,-1664,1452,-243,432
46