                                                                                
Sample,aX,aY,az,Temp,gX,gY,gz                                                   
1,692,15996,-3780,-1600,297,-293,-10                                            
2,668,16172,-3796,-1600,322,-265,-32                                            
3,760,16068,-3868,-1600,300,-283,-21                                            
4,540,15980,-3804,-1584,299,-254,8                                              
5,644,16120,-3952,-1568,360,-194,-49                                            
6,768,15964,-3872,-1584,361,-142,-23                                            
7,516,15984,-3880,-1584,364,-107,10                                             
8,592,15964,-3892,-1568,369,-116,52                                             
9,656,16116,-3708,-1584,388,-71,31                                              
10,636,16140,-4016,-1584,417,-65,11                                             
11,620,16012,-3948,-1568,477,-17,3                                              
12,568,16056,-3996,-1584,506,-52,94                                             
13,604,16164,-3956,-1568,529,-130,37                                            
14,768,16208,-4284,-1568,475,-212,5                                             
15,596,15892,-4020,-1552,484,-93,47                                             
16,576,16128,-3912,-1600,566,-71,113                                            
17,676,16376,-3936,-1584,585,-35,-56                                            
18,652,15960,-4064,-1584,565,-98,-46                                            
19,396,15948,-4172,-1600,501,-154,25                                            
20,476,16092,-4128,-1568,508,-179,-18                                           
21,688,15976,-4344,-1568,509,-187,-76                                           
22,496,16044,-4228,-1568,549,-150,-66                                           
23,548,15856,-4220,-1600,483,-182,18                                            
24,540,16056,-4352,-1584,525,-139,-42                                           
25,680,16024,-4348,-1584,502,-86,-70                                            
26,760,16024,-4120,-1552,443,-161,-42                                           
27,792,15812,-4316,-1632,490,-130,-10                                           
28,636,16128,-4296,-1616,420,-214,-12                                           
29,656,15988,-4424,-1584,456,-164,13                                            
30,628,16060,-4312,-1600,458,-152,33                                            
31,532,16080,-4348,-1568,454,-242,88                                            
32,776,16048,-4160,-1600,460,-239,5                                             
33,576,15936,-4444,-1552,339,-269,79                                            
34,540,15976,-4240,-                                                            
1568,283,-234,46
35,708,15884,-4408,-1568,290,-236,5
36,732,16036,-4544,-1552,237,-182,-37
37,584,15868,-4544,-1600,263,-148,41
38,692,15996,-4512,-1536,303,-172,-27
39,704,16016,-4324,-1600,267,-220,-33
40,580,16028,-4460,-1600,249,-186,-12
41,720,15972,-4428,-1600,277,-183,22
42,736,16040,-4396,-1600,266,-187,-16
43,716,15916,-4472,-1568,309,-133,-22
44,600,15944,-4352,-1600,317,-171,58
45,752,15828,-4212,-1568,356,-134,21
46,688,16100,-4152,-1584,255,-222,-53
47,596,15960,-4604,-1584,215,-211,-36
48,596,15880,-4400,-1616,263,-91,1
49,596,16108,-4296,-1568,285,-130,-10
50,776,15972,-4476,-1568,257,-153,-130
51,628,15952,-4356,-1600,174,-137,-32
52,540,15912,-4060,-1600,213,-91,30
53,788,16124,-4388,-1552,285,-82,-90
54,800,15928,-4288,-1584,251,-63,-118
55,616,15804,-4180,-1568,221,-174,68
56,700,16072,-4288,-1568,258,-233,8
57,748,15988,-4208,-1584,254,-234,-138
58,644,15912,-4204,-1600,183,-235,-34
59,584,16160,-4180,-1568,220,-211,46
60,760,16024,-4108,-1584,269,-190,-67
61,704,15980,-4280,-1584,258,-140,-81
62,688,15940,-4152,-1584,260,-98,-47
63,648,15972,-4132,-1584,162,-89,37
64,712,15920,-4320,-1600,277,-48,-98
65,684,16144,-4340,-1584,170,-165,-5
66,868,15936,-4444,-1584,228,-5,-9
67,720,16052,-4164,-1552,189,-99,35
68,712,16160,-4108,-1584,282,-123,-64
69,656,16100,-4364,-1584,221,-225,-40
70,732,15924,-4152,-1568,216,-207,39
71,700,15976,-4096,-1600,224,-209,-16
72,808,16132,-4076,-1600,240,-190,-60
73,588,16008,-4100,-1600,122,-164,-5
74,696,16012,-3936,-1568,71,-286,-7
75,772,15852,-4100,-1568,128,-243,-90
76,668,16028,-4096,-1584,82,-273,-36
77,836,15980,-4104,-1600,43,-218,29
78,744,15984,-3804,-1552,115,-171,-23
79,664,16164,-3928,-1616,101,-155,-85
80,696,15968,-3844,-1584,184,-95,-33
81,664,16144,-4148,-1584,83,-129,-13
82,788,15936,-3904,-1568,140,-122,-63
83,732,16100,-4004,-1568,134,-153,-23
84,836,16024,-4012,-1600,224,-71,0
85,788,16028,-3796,-1584,264,-120,-17
86,760,16060,-3752,-1552,236,-207,-2
87,684,16080,-3992,-1600,268,-273,-20
88,832,16056,-3960,-1568,265,-248,7
89,768,15988,-3716,-1584,302,-207,-10
90,744,16116,-3972,-1552,292,-253,-26
91,596,15988,-4072,-1584,309,-173,32
92,656,16036,-4076,-1584,382,-146,89
93,644,16060,-3884,-1568,408,-169,-46
94,680,16012,-3908,-1600,388,-143,26
95,584,16152,-4172,-1568,417,-181,62
96,760,16112,-4112,-1552,446,-157,-10
97,676,16048,-4076,-1584,416,-98,-30
98,728,15996,-4328,-1536,433,-76,11
99,716,16036,-4264,-1584,449,-152,6
100,764,16100,-3864,-1600,440,-161,-109
101,616,15984,-4228,-1552,264,-264,-6
102,728,15972,-4260,-1584,359,-134,31
103,624,16184,-4012,-1584,341,-162,-39
104,716,15964,-4216,-1584,391,-175,-87
105,724,15912,-4040,-1568,328,-199,11
106,576,16012,-4088,-1600,273,-168,11
107,868,16008,-4208,-1600,348,-171,-93
108,684,15976,-3944,-1600,278,-117,-29
109,616,16076,-4224,-1568,301,-174,46
110,704,16040,-4080,-1568,267,-199,-22
111,752,16128,-4056,-1600,259,-251,-81
112,652,15952,-4156,-1552,264,-228,32
113,608,16008,-3960,-1584,297,-155,22
114,836,16116,-4072,-1584,319,-125,-89
115,588,15888,-4192,-1584,343,-72,-45
116,656,16064,-4024,-1584,292,-106,88
117,784,15900,-4140,-1584,320,-141,-64
118,636,16044,-4068,-1600,286,-163,-39
119,572,15932,-4052,-1600,313,-75,59
120,788,16184,-3888,-1600,326,-172,-1
121,704,15976,-4136,-1568,347,-164,-95
122,632,15908,-4208,-1568,329,-145,34
123,708,16092,-4088,-1600,353,-141,29
124,712,16048,-4152,-1568,343,-71,-94
125,624,15940,-4172,-1568,361,-68,-11
126,668,16004,-4184,-1600,318,-193,47
127,908,15988,-4172,-1584,264,-206,-71
128,732,16084,-4100,-1600,259,-215,-60
129,720,16048,-4084,-1600,335,-228,-2
130,828,16044,-4020,-1568,284,-131,-44
131,664,15976,-3940,-1552,318,-111,-74
132,664,16076,-4012,-1584,293,-106,-19
133,728,15972,-4188,-1584,264,-147,-11
134,688,16172,-4140,-1600,296,-95,-12
135,668,16168,-3928,-1600,308,-131,-42
136,728,16024,-4124,-1568,196,-152,17
137,744,15972,-4068,-1568,308,-3,-40
138,600,16072,-4008,-1584,328,-104,-9
139,812,16032,-4168,-1584,305,-198,-40
140,704,15984,-4152,-1568,283,-169,29
141,656,16104,-4124,-1600,339,-85,-47
142,680,15916,-4088,-1536,364,-76,3
143,764,16072,-4260,-1552,326,-62,-42
144,632,16076,-4156,-1552,304,-99,27
145,784,16004,-4196,-1536,298,-192,-53
146,736,15968,-4076,-1568,282,-172,-3
147,684,15888,-4060,-1568,285,-204,54
148,704,16116,-4044,-1568,294,-174,31
149,768,16132,-4092,-1568,298,-93,-68
150,816,16064,-4016,-1600,287,-65,2
151,692,16116,-4212,-1584,278,-71,28
152,816,15960,-4328,-1584,361,-104,-48
153,780,16084,-4032,-1584,233,-176,-18
154,764,15884,-4228,-1552,332,-100,49
155,728,16068,-4136,-1584,356,-107,-44
156,864,16052,-3936,-1568,276,-236,-49
157,696,15952,-4096,-1568,296,-243,20
158,808,16028,-4264,-1600,309,-122,-9
159,792,16088,-4076,-1600,312,-128,-73
160,760,15944,-4200,-1568,344,-123,-33
161,656,15980,-4124,-1584,311,-152,49
162,812,16176,-4240,-1568,270,-213,-76
163,844,15952,-4180,-1552,232,-247,-60
164,644,15864,-4248,-1584,322,-162,30
165,772,16040,-4228,-1552,312,-153,-18
166,696,16108,-4136,-1568,329,-117,-108
167,628,15968,-4068,-1568,303,-107,13
168,692,16044,-4008,-1568,291,-75,66
169,832,16148,-4244,-1568,344,-90,-92
170,804,16076,-4008,-1600,307,-128,-82
171,608,16096,-4248,-1600,189,-180,133
172,840,16000,-4260,-1568,347,-73,-14
173,744,16092,-4120,-1568,325,-146,-80
174,628,15836,-4276,-1584,301,-155,-13
175,716,15972,-4124,-1552,274,-146,78
176,820,16000,-4000,-1552,310,-82,-128
177,792,15984,-4012,-1584,313,-74,-22
178,732,15932,-4128,-1616,297,-112,50
179,840,16024,-4096,-1552,278,-194,-17
180,768,16172,-4152,-1568,280,-261,-122
181,748,15968,-4232,-1600,273,-198,25
182,680,15880,-4204,-1568,287,-182,15
183,792,16032,-4260,-1600,304,-96,-82
184,696,15916,-3968,-1568,269,-109,-52
185,660,15968,-4308,-1568,315,-106,72
186,844,16140,-4132,-1600,298,-123,-69
187,816,15888,-4180,-1552,309,-87,-56
188,632,15976,-4068,-1568,314,-179,26
189,712,16256,-4064,-1552,187,-185,74
190,800,16076,-4280,-1584,350,-29,-117
191,584,16012,-3992,-1552,312,-99,35
192,644,16108,-4156,-1568,325,-154,30
193,932,16108,-4236,-1568,271,-171,-44
194,708,15920,-4032,-1584,299,-98,-86
195,688,15964,-4144,-1584,293,-120,49
196,896,16020,-4184,-1568,256,-158,-42
197,800,16080,-4232,-1552,285,-177,-89
198,628,16120,-4172,-1552,224,-228,-17
199,704,16136,-4316,-1568,221,-241,-6
200,832,16088,-4084,-1568,243,-151,-68
201,616,15896,-4116,-1568,253,-110,-38
202,812,16036,-4192,-1568,223,-107,-24
203,776,15960,-4056,-1568,235,-99,-37
204,720,15912,-4056,-1568,266,-69,-41
205,752,16052,-3868,-1568,210,-141,14
206,840,15916,-4140,-1568,194,-140,-19
207,712,16184,-3920,-1568,175,-189,4
208,856,15940,-4024,-1568,233,-164,-3
209,800,16120,-4008,-1536,328,-73,-20
210,668,16064,-3984,-1568,344,-128,24
211,764,15992,-4092,-1568,322,-100,26
212,828,16008,-4136,-1568,350,2,5
213,728,15952,-3944,-1600,374,13,-1
214,780,16036,-4016,-1552,390,-39,21
215,816,16004,-3968,-1584,372,-110,51
216,884,16124,-3996,-1552,306,-153,-52
217,740,15960,-4136,-1552,343,-158,-9
218,664,15984,-4012,-1584,391,-102,45
219,828,16000,-3992,-1584,345,-163,-11
220,812,15912,-4172,-1584,282,-100,-33
221,704,16000,-4100,-1536,318,-110,45
222,908,16144,-4112,-1568,319,-76,-10
223,908,16056,-4124,-1600,346,-24,-58
224,744,15880,-4060,-1568,360,2,22
225,748,16104,-3916,-1568,349,-109,43
226,880,16084,-4480,-1600,309,-123,3
227,912,15884,-4220,-1568,355,-45,-13
228,648,16060,-4204,-1552,337,-136,61
229,892,16020,-4040,-1552,342,-217,4
230,940,16080,-4160,-1584,302,-203,-43
231,780,16092,-4052,-1552,342,-188,-58
232,788,15920,-4216,-1568,323,-231,-5
233,924,16044,-4132,-1568,287,-228,-61
234,784,16044,-4160,-1600,277,-219,-89
235,780,15956,-4072,-1552,295,-165,-22
236,800,16008,-4232,-1584,319,-194,-33
237,784,16020,-4120,-1552,333,-164,-57
238,800,15844,-4112,-1568,265,-181,11
239,956,15996,-4112,-1568,355,-177,-27
240,848,16072,-4156,-1568,384,-137,-26
241,800,16052,-4048,-1552,319,-97,24
242,848,15864,-4060,-1568,378,-135,33
243,764,16252,-4128,-1536,334,-188,24
244,956,15904,-4288,-1568,316,-111,-19
245,784,15976,-4144,-1568,345,-72,3
246,860,16024,-4256,-1552,372,-154,29
247,828,16040,-4108,-1584,389,-142,-43
248,776,16032,-4164,-1568,327,-102,9
249,680,16116,-4148,-1552,363,-70,-16
250,992,16064,-4040,-1584,353,-131,-96
251,796,15908,-4260,-1568,366,-84,-41
252,808,15920,-4012,-1600,318,-169,52
253,764,16056,-4248,-1552,368,-180,-80
254,736,15916,-4248,-1568,349,-170,-82
255,748,15900,-4148,-1568,335,-174,-13
256,752,15940,-4264,-1568,316,-172,-11
257,720,15968,-4348,-1584,329,-149,-32
258,752,15932,-4312,-1552,286,-108,-27
259,744,16024,-4220,-1568,308,-96,6
260,772,15828,-4224,-1536,306,-112,-27
261,820,16004,-4316,-1552,255,-191,10
262,804,16080,-4276,-1584,282,-90,20
263,772,15916,-4136,-1568,336,-51,-49
264,768,15936,-4208,-1568,327,-126,-6
265,796,16020,-4208,-1536,292,-197,-58
266,744,15984,-4268,-1552,273,-115,-31
267,816,16036,-4200,-1584,322,-51,-64
268,768,15940,-4340,-1568,312,-105,-50
269,812,15884,-4256,-1584,259,-127,-21
270,740,16080,-4192,-1584,238,-234,-32
271,848,16016,-4188,-1568,222,-237,-61
272,776,16044,-4268,-1568,227,-226,-50
273,772,15916,-4140,-1568,262,-145,10
274,864,16132,-4232,-1568,266,-167,-63
275,836,15988,-4104,-1536,217,-142,-64
276,912,15896,-4300,-1584,228,-104,0
277,704,16040,-4148,-1568,271,-112,-5
278,796,16168,-4088,-1536,232,-87,-129
279,792,15968,-4104,-1568,143,-189,-95
280,716,15960,-4276,-1552,96,-108,4
281,888,15952,-4116,-1568,186,-18,-125
282,884,15996,-4300,-1568,110,-37,-155
283,712,15912,-4188,-1568,141,-48,-79
284,644,15976,-4240,-1552,131,-82,11
285,836,16164,-3904,-1568,145,-89,-178
286,716,16012,-4224,-1536,180,-102,-140
287,544,16048,-4148,-1552,212,-170,-2
288,600,16152,-4092,-1552,263,-259,-43
289,748,16208,-3984,-1584,173,-268,-167
290,632,16088,-4028,-1568,96,-225,3
291,628,16144,-3876,-1552,156,-181,4
292,836,16100,-3880,-1552,161,-171,-113
293,828,16116,-3836,-1552,174,-101,-135
294,996,16088,-3756,-1568,198,-43,-23
295,944,16008,-4020,-1536,194,-48,-74
296,972,15912,-3992,-1600,216,-78,-136
297,1016,16012,-3744,-1552,217,-229,-16
298,876,16016,-4072,-1600,234,-160,38
299,764,16016,-3856,-1568,300,-115,-60
300,668,16020,-3900,-1568,283,-238,62
301,784,16056,-3900,-1536,308,-227,68
302,640,16008,-4008,-1568,313,-129,126
303,800,16132,-3952,-1600,356,-86,35
304,820,16152,-4004,-1568,390,-93,16
305,712,16028,-4044,-1520,365,-56,57
306,776,16104,-3864,-1552,336,-223,43
307,844,16044,-3936,-1552,325,-207,-62
308,772,16000,-4036,-1552,268,-194,-11
309,648,15996,-3824,-1536,316,-224,-13
310,688,16136,-3932,-1568,357,-160,-77
311,568,16116,-3860,-1552,381,-144,-77
312,684,15984,-3912,-1584,344,-138,-32
313,824,16060,-3840,-1568,399,-126,-70
314,740,16016,-3992,-1536,426,-153,-108
315,664,16188,-3988,-1552,290,-194,-20
316,708,16060,-4056,-1520,336,-133,-27
317,692,16008,-4120,-1568,306,-189,-20
318,636,16028,-3816,-1568,274,-222,-57
319,668,15952,-4184,-1568,280,-208,-11
320,704,16060,-3904,-1552,246,-181,-42
321,732,16016,-4092,-1536,227,-163,-70
322,728,15952,-4048,-1568,186,-204,-2
323,668,15968,-4000,-1536,174,-198,-1
324,896,16100,-4004,-1568,184,-241,-110
325,704,15944,-4000,-1552,174,-176,-39
326,624,15956,-4036,-1584,213,-207,-9
327,704,16156,-3972,-1552,224,-192,-57
328,648,16148,-3932,-1536,245,-184,-135
329,656,15988,-3876,-1568,214,-140,-80
330,744,15928,-3788,-1584,124,-130,-132
331,676,15920,-3968,-1536,82,-67,-279
332,748,16184,-3748,-1568,-150,-96,-397
333,576,16024,-3704,-1584,-553,84,-630
334,668,15936,-3396,-1552,-863,288,-944
335,780,16060,-3152,-1568,-1135,440,-1413
336,640,15852,-3132,-1568,-1375,733,-1913
337,452,16136,-3060,-1568,-598,1225,-2618
338,180,16012,-3040,-1568,-1098,1164,-2983
339,-44,15448,-3308,-1536,-2287,582,-2771
340,-536,15920,-3372,-1568,-2384,263,-2380
341,-752,16636,-2720,-1600,-2920,-75,-1993
342,-1312,16764,-2260,-1536,-2879,320,-1715
343,-1728,16108,-2156,-1552,-2734,398,-1021
344,-1768,16212,-2144,-1568,-2392,655,-852
345,-1592,16368,-1700,-1536,-2168,651,-546
346,-1736,16316,-1480,-1552,-1857,662,-167
347,-1888,16084,-1,4,-1242
874,-2300,-1552,-1037,-1335,-2904
872,-5776,10436,-13016,-1520,-1050,-651,-3383
873,-6132,10836,-13176,-1536,-572,-934,-1242
874,-5300,-1552,-1037,-1335,-2904
872,-5776,10436,-13016,-1520,-1050,-651,-3383
873,-6132,10836,-13176,-1536,-572,-934,-1242
874,-5940,10576,-12688,-1568,-436,-1415,181
875,-5396,10724,-12448,-1552,173,-1696,-119
876,-5756,10532,-12360,-1552,939,-2005,-769
877,-6108,10552,-12644,-1536,2027,-1911,-1115
878,-6548,9888,-11736,-1568,1479,-1559,-798
879,-6412,9232,-10088,-1584,1374,-632,-78
880,-6404,9480,-10396,-1568,3023,1471,117
881,-5784,9704,-10796,-1504,1865,2705,-619
882,-6024,9840,-11692,-1520,1394,2556,-342
883,-5636,9728,-12168,-1552,204,2125,-181
884,-4892,10184,-12936,-1552,-38,1630,-234
885,-4460,8836,-13564,-1552,-241,1249,-614
886,-4536,8716,-14252,-1536,124,134,266
887,-4808,9092,-13124,-1552,-1184,-909,1424
888,-5052,9584,-12864,-1568,-840,-818,1326
889,-7056,11880,-14344,-1536,-1079,-2228,1026
890,-6224,9760,-11948,-1504,-3029,-3626,-268
891,-5916,10420,-11532,-1584,-2503,-4186,405
892,-6148,11200,-12016,-1568,-1489,-4110,-226
893,-6192,10432,-11724,-1536,-1526,-4379,-723
894,-7008,10928,-10132,-1568,-725,-3681,-1227
895,-6728,10636,-11224,-1552,567,-2582,-1359
896,-7020,11536,-11584,-1552,74,-2256,-497
897,-6936,10444,-10452,-1584,869,-986,-990
898,-7252,10324,-11196,-1520,1754,26,-994
899,-7764,10628,-11668,-1520,1792,180,-669
900,-7852,10888,-11112,-1568,881,212,-163
901,-7804,10304,-11252,-1568,964,-71,-2
902,-7540,10384,-11140,-1552,732,-200,147
903,-7636,10368,-11220,-1536,745,-104,176
904,-7496,10220,-11304,-1536,557,-83,319
905,-7320,10356,-11552,-1568,676,47,190
906,-7460,10444,-11412,-1552,339,230,-39
907,-7284,10384,-11528,-1536,-11,586,175
908,-6988,10564,-11260,-1536,-1106,989,60
909,-6140,10852,-12348,-1552,1250,1167,-989
910,-6320,11040,-12932,-1504,1381,197,-2605
911,-5804,8892,-11256,-1552,862,-505,-3108
912,-6168,8600,-11864,-1552,868,-338,-3050
913,-6760,9052,-11240,-1536,-171,184,-1848
914,-7532,8596,-10992,-1536,194,578,-1388
915,-7040,9016,-10104,-1504,607,1616,-1278
916,-7620,10032,-11324,-1536,844,2741,-1374
917,-7308,9336,-11112,-1552,-64,3533,-1138
918,-6716,9292,-11620,-1568,982,4417,-1113
919,-7212,9328,-11756,-1568,1036,4275,-519
920,-7596,9380,-13176,-1568,1057,3624,-470
921,-7172,8616,-12536,-1552,379,2746,80
922,-8472,8512,-13268,-1536,626,1881,1442
923,-8396,8372,-13452,-1552,1479,698,2038
924,-8360,8948,-13184,-1552,238,-466,2335
925,-7752,10144,-12800,-1552,89,-1617,1715
926,-7288,9964,-12044,-1552,-718,-1753,420
927,-6132,10328,-11992,-1568,-231,-1174,-32
928,-5384,10076,-11764,-1568,-460,-716,-824
929,-6208,9556,-12660,-1552,-949,-499,-492
930,-6664,9028,-13136,-1568,-429,-514,-329
931,-7308,9248,-13584,-1568,-309,-830,-551
932,-7836,8760,-12912,-1536,416,-1114,-504
933,-7672,9172,-12624,-1584,1433,-1486,-239
934,-7252,8232,-12188,-1536,1507,-1608,53
935,-6168,8536,-11516,-1552,1029,-1192,901
936,-4776,10252,-11688,-1568,1579,-1013,769
937,-5596,8832,-11584,-1536,-914,-602,1431
938,-7140,9448,-12600,-1552,697,-1015,1574
939,-8048,7524,-13824,-1520,3068,-1101,2390
940,-8308,9480,-13448,-1536,1401,-1872,1854
941,-7456,9188,-13664,-1552,2537,-1753,668
942,-6708,10364,-12200,-1536,2171,-1486,982
943,-5996,9600,-12300,-1536,2387,-892,348
944,-5108,9736,-11368,-1568,1831,-423,285
945,-4116,9916,-10892,-1536,490,193,157
946,-5588,10128,-12808,-1552,335,-568,227
947,-6588,9048,-12696,-1520,641,-1771,330
948,-6736,9488,-12676,-1520,3,-2602,360
949,-6524,9160,-11940,-1536,-214,-2670,300
950,-6944,9392,-12628,-1536,1655,-796,-233
951,-8652,9732,-12304,-1552,1343,-1224,-37
952,-7804,7496,-13080,-1552,1035,-497,-59
953,-7276,9340,-13336,-1552,252,-1010,283
954,-7284,7832,-11696,-1552,1666,238,-792
955,-7580,9292,-12812,-1520,308,37,-247
956,-7384,8700,-11848,-1536,270,-303,37
957,-7480,9160,-11864,-1520,-23,-103,-275
958,-7168,8328,-12292,-1552,-105,-352,-247
959,-7464,8740,-12548,-1568,36,-399,-36
960,-7480,8896,-12468,-1552,-429,-200,153
961,-7396,8944,-12476,-1536,77,-15,-328
962,-7512,8852,-12424,-1536,35,-23,-195
963,-7764,9080,-12196,-1552,5,-45,-122
964,-7412,9020,-12340,-1552,-47,-175,-29
965,-7552,9064,-12336,-1552,36,-133,-22
966,-7464,9000,-12328,-1536,110,-137,13
967,-7424,9124,-12312,-1520,52,-26,143
968,-7420,9036,-12380,-1552,1,14,56
969,-7540,9208,-12268,-1552,-65,-203,137
970,-7576,9116,-12128,-1568,-52,-164,189
971,-7428,9096,-12136,-1520,219,-130,161
972,-7312,9292,-12256,-1552,214,-164,168
973,-7196,9012,-12352,-1536,206,-52,23
974,-7280,9156,-12176,-1552,211,-63,93
975,-73ò
Sample,aX,aY,az,Temp,gX,gY,gz
1,-7292,9496,-12228,-1568,259,-213,-28
2,-7300,9240,-12052,-1552,193,-189,-54
3,-7352,9204,-12236,-1552,339,-150,-45
4,-7284,9276,-12088,-1536,236,-164,-130
5,-7448,9408,-12080,-1520,314,-150,-66
6,-7252,9128,-12128,-1552,317,-141,-26
7,-7372,9280,-12320,-1568,290,-116,-66
8,-7312,9168,-12224,-1536,293,-103,-66
9,-7248,9264,-12156,-1520,327,-126,-14
10,-7308,9220,-12232,-1552,289,-130,-76
11,-7284,9240,-12296,-1536,384,-99,-5
12,-7236,9236,-12116,-1568,327,-73,-56
13,-7244,9216,-12028,-1536,285,-64,-84
14,-7340,9260,-12104,-1584,301,-128,-7
15,-7264,9308,-12332,-1568,377,-81,-38
16,-7320,9192,-12172,-1536,335,-46,-66
17,-7264,9316,-12288,-1536,375,-34,-46
18,-7268,9268,-12084,-1552,309,-48,-42
19,-7212,9180,-12236,-1552,375,-45,16
20,-7336,9112,-12108,-1584,317,-78,-86
21,-7384,9376,-12476,-1536,379,-88,1
22,-7316,9148,-12328,-1584,328,-90,-22
23,-7200,9352,-12336,-1568,320,-63,-6
24,-7208,9176,-12120,-1536,288,-98,-62
25,-7208,9224,-12340,-1536,315,-122,-47
26,-7208,9320,-12160,-1552,303,-114,-24
27,-7240,9324,-12404,-1536,274,-121,-40
28,-7300,9320,-12272,-1552,261,-93,-27
29,-7156,9324,-12156,-1552,300,-121,-73
30,-7264,9324,-12064,-1536,287,-137,-56
31,-7252,9316,-12260,-1552,237,-235,-24
32,-7104,9228,-12172,-1536,377,-232,-72
33,-7316,9440,-12180,-1552,207,-289,4
34,-7260,9176,-12248,-1552,326,-218,-33
35,-7272,9252,-12320,-1568,267,-241,-40
36,-7348,9332,-12288,-1584,338,-197,-24
37,-7324,9212,-12308,-1568,283,-181,-9
38,-7220,9284,-12380,-1568,335,-223,-10
39,-7268,9296,-12240,-1552,338,-186,-68
40,-7332,9236,-12212,-1536,324,-199,-39
41,-7192,9292,-12252,-1552,291,-254,-6
42,-7232,9228,-12244,-1552,302,-236,-70
43,-7196,9192,-12504,-1536,324,-188,-40
44,-7260,9192,-12196,-1552,305,-161,-44
45,-7260,9256,-12032,-1568,309,-184,-43
46,-7196,9296,-12272,-1584,324,-122,-60
47,-7156,9224,-12164,-1568,302,-139,-28
48,-7080,9424,-12068,-1552,355,-156,-40
49,-7320,9284,-12236,-1536,289,-78,11
50,-7156,9256,-12036,-1536,326,-118,-40
51,-7296,9272,-12220,-1552,286,-161,-6
52,-7136,9236,-12200,-1536,356,-132,-22
53,-7232,9048,-12252,-1568,330,-162,-43
54,-7244,9432,-12300,-1584,305,-127,0
55,-7260,9356,-12200,-1552,296,-114,-36
56,-7324,9264,-12252,-1536,291,-162,-46
57,-7184,9232,-12196,-1552,302,-181,-29
58,-7188,9284,-12248,-1536,305,-182,-38
59,-7304,9216,-12288,-1552,302,-130,-19
60,-7240,9192,-12220,-1536,331,-140,-42
61,-7256,9276,-12152,-1552,349,-181,-44
62,-7268,9248,-12208,-1568,286,-225,-44
63,-7288,9468,-12116,-1552,264,-198,-12
64,-7144,9344,-12132,-1568,376,-169,-89
65,-7376,9376,-12268,-1552,223,-210,-30
66,-7208,9208,-12136,-1536,328,-125,-7
67,-7152,9240,-12240,-1568,264,-309,-88
68,-7360,9308,-11964,-1552,207,-374,-78
69,-7124,9064,-12240,-1568,274,-304,-228
70,-7280,9380,-12252,-1536,283,-260,-190
71,-7296,9244,-12272,-1552,265,-158,-296
72,-7308,9460,-12176,-1536,269,-172,-121
73,-7364,9200,-12164,-1536,386,-38,-150
74,-7316,9188,-12248,-1536,411,92,-41
75,-7328,9312,-12160,-1552,435,247,-2
76,-7268,9156,-12228,-1552,534,265,70
77,-7268,9232,-12188,-1552,451,169,53
78,-7388,9216,-12120,-1552,372,50,82
79,-7144,9244,-12140,-1520,385,-15,103
80,-7212,9100,-12084,-1552,352,-28,16
81,-7348,9236,-12372,-1552,312,24,84
82,-7104,9248,-12304,-1568,380,-31,-13
83,-7244,9300,-12256,-1552,257,-86,24
84,-7184,9148,-12340,-1520,344,-92,-29
85,-7056,9240,-12300,-1568,277,-145,2
86,-7224,9292,-12248,-1568,300,-231,-52
87,-7280,9336,-12196,-1552,226,-231,1
88,-7036,9360,-12376,-1552,282,-181,-82
89,-7168,9212,-12428,-1536,246,-191,-87
90,-7264,9272,-12128,-1552,348,-169,-94
91,-7164,9336,-12384,-1536,293,-212,-55
92,-7220,9296,-12332,-1552,321,-195,-32
93,-7084,9328,-12248,-1552,280,-160,-45
94,-7252,9288,-12184,-1536,325,-124,-49
95,-7120,9328,-12340,-1552,338,-126,-28
96,-7120,9320,-12116,-1568,324,-177,-12
97,-7092,9248,-12332,-1552,336,-169,-47
98,-7200,9288,-12340,-1536,327,-141,-30
99,-7276,9276,-12216,-1552,289,-136,-6
100,-7020,9112,-12196,-1568,340,-142,-67
101,-7268,9436,-12084,-1584,224,-171,6
102,-7200,9088,-12428,-1568,343,-59,-38
103,-7156,9216,-12400,-1552,259,-160,-65
104,-7320,9316,-12120,-1536,353,-152,-69
105,-7148,9180,-12308,-1552,280,-158,-14
106,-7144,9224,-12304,-1552,310,-144,-49
107,-7216,9260,-12264,-1568,337,-129,-66
108,-7256,9268,-12228,-1568,326,-121,-62
109,-7104,9280,-12092,-1584,307,-186,-45
110,-7120,9304,-12236,-1568,341,-161,-41
111,-7100,9288,-12456,-1536,328,-119,-25
112,-7140,9320,-12304,-1552,324,-90,-8
113,-7216,9196,-12228,-1568,308,-134,-43
114,-7188,9292,-12188,-1552,298,-136,-9
115,-7056,9156,-12260,-1568,338,-179,-72
116,-7220,9304,-12208,-1552,311,-160,-21
117,-7184,9220,-12232,-1536,329,-142,-4
118,-7164,9232,-12408,-1536,300,-202,-87
119,-7180,9564,-12340,-1552,199,-222,1
120,-7304,9240,-12332,-1536,279,-119,-9
121,-7056,9276,-12268,-1536,265,-122,-96
122,-7332,9380,-12164,-1568,342,-145,-39
123,-7272,9340,-12272,-1552,338,-138,-36
124,-7140,9112,-12300,-1552,314,-60,-46
125,-7276,9232,-12272,-1536,376,-105,-61
126,-7236,9304,-12268,-1552,360,31,-3
127,-7076,9264,-12448,-1552,356,78,34
128,-7196,9400,-12440,-1584,271,140,115
129,-7068,9144,-12264,-1536,327,380,141
130,-7104,9388,-12372,-1552,430,433,33
131,-7020,9284,-12216,-1552,473,185,24
132,-7112,9360,-12004,-1536,294,-125,59
133,-7096,9208,-12428,-1552,480,-143,24
134,-6924,9148,-12528,-1536,234,-370,4
135,-7092,9360,-12404,-1568,264,-267,14
136,-6908,9204,-12512,-1552,289,-204,-102
137,-7144,9484,-12248,-1552,135,-303,-13
138,-7132,9348,-12160,-1568,195,-250,39
139,-7092,9228,-12232,-1552,129,-449,-101
140,-7184,9324,-12088,-1520,168,-585,-203
141,-7052,9324,-12560,-1536,143,-410,-228
142,-6988,9480,-12580,-1536,188,-402,-121
143,-7300,9208,-12048,-1536,152,-373,-145
144,-7288,9412,-12044,-1568,55,-284,-176
145,-7076,9412,-12376,-1552,97,-184,-251
146,-7036,9172,-12424,-1568,237,-75,-239
147,-7368,9448,-12140,-1568,27,-218,-41
148,-7276,9088,-12084,-1568,344,-36,-271
149,-7144,9428,-12516,-1536,350,49,-90
150,-7184,9228,-12048,-1536,385,68,-44
151,-7328,9432,-12048,-1568,545,65,-29
152,-7104,9300,-12384,-1584,517,-32,-149
153,-7148,9376,-12176,-1552,371,-224,46
154,-7144,9236,-12280,-1552,462,-126,4
155,-7188,9316,-12120,-1568,319,-51,55
156,-7128,9276,-12208,-1568,396,68,26
157,-6936,9284,-12340,-1536,435,-1,-32
158,-7064,9320,-12456,-1552,505,15,-55
159,-7236,9312,-12268,-1552,372,-81,5
160,-7268,9284,-12244,-1520,315,-162,95
161,-7120,9264,-12316,-1568,255,-170,-52
162,-7016,9220,-12344,-1584,245,-279,-26
163,-7188,9216,-12256,-1568,244,-265,-69
164,-7132,9300,-12192,-1568,267,-199,-143
165,-7068,9312,-12312,-1568,290,-164,-87
166,-7104,9204,-12248,-1584,291,-194,-50
167,-7204,9360,-12364,-1568,318,-221,-39
168,-7156,9420,-12280,-1568,368,-190,-75
169,-7224,9256,-12384,-1520,348,-188,-8
170,-7160,9180,-12280,-1536,366,-99,-19
171,-7176,9236,-12328,-1520,374,-170,-99
172,-7184,9232,-12024,-1600,157,-262,-60
173,-7316,9268,-12392,-1552,244,-156,-93
174,-7176,9232,-12168,-1584,277,-66,-210
175,-7080,9468,-12332,-1568,297,-51,-88
176,-7276,9200,-12356,-1584,231,62,-63
177,-7112,9272,-12232,-1552,400,107,-110
178,-7116,9352,-12100,-1568,458,151,-62
179,-7072,9300,-12236,-1568,477,132,44
180,-7108,9408,-12232,-1536,464,52,32
181,-6992,9164,-12336,-1568,449,118,-19
182,-7124,9256,-12348,-1584,388,101,71
183,-7032,9080,-12448,-1584,414,159,-9
184,-7068,9208,-12380,-1536,367,132,-7
185,-7028,9264,-12388,-1536,379,98,-9
186,-6864,9228,-12276,-1568,369,32,16
187,-6972,9124,-12484,-1568,347,-84,-11
188,-6892,9528,-12304,-1568,284,-85,37
189,-6968,9324,-12772,-1584,335,-60,-13
190,-6816,9056,-12568,-1568,475,-24,-23
191,-6832,9108,-12496,-1552,453,56,42
192,-6972,9272,-12656,-1584,386,75,195
193,-6888,9132,-12412,-1552,333,60,126
194,-6888,9192,-12372,-1600,357,-30,48
195,-6912,9164,-12268,-1568,317,-124,-33
196,-6756,9188,-12488,-1568,277,-242,-79
197,-6872,9420,-12548,-1584,245,-183,-97
198,-6856,9164,-12572,-1568,252,-117,-103
199,-6868,9616,-12772,-1536,311,-128,-63
200,-7116,9292,-13048,-1552,128,-417,-177
201,-7700,10564,-13944,-1584,-487,-749,-117
202,-8216,9464,-13488,-1568,-1346,-1487,-777
203,-8752,10100,-12780,-1552,-1134,-889,-1022
204,-8568,9068,-12200,-1520,1007,-545,-1466
205,-8744,9412,-11768,-1568,-803,-605,-1306
206,-8488,9644,-10616,-1568,-296,520,-582
207,-8024,10444,-10264,-1568,-271,1941,-1229
208,-8624,10240,-8604,-1552,-1558,6011,-735
209,-10672,7192,-10108,-1536,-510,7548,398
210,-5032,6824,-10136,-1552,4636,10333,-352
211,-1592,14544,-11392,-1552,9731,10178,10933
212,640,6520,-15716,-1584,10863,5654,3525
213,572,7304,-14832,-1568,6499,2074,130
214,-2100,6428,-15396,-1536,1740,1286,620
215,-2924,7640,-14248,-1568,2063,635,1577
216,-1812,7304,-15636,-1552,3282,2077,2776
217,-400,8120,-13976,-1568,723,1878,2048
218,-1680,7344,-19784,-1552,-5204,-256,-173
219,-1880,7720,-16656,-1568,-895,-1647,-537
220,-2072,7956,-16316,-1552,-1993,153,-376
221,-2836,8444,-17260,-1552,3415,-1217,-2066
222,-2736,7316,-15024,-1568,-1418,244,-5
223,-2596,7876,-16180,-1568,554,-1854,-960
224,-1876,8408,-15344,-1536,148,-1395,-1161
225,-2780,7272,-12812,-1568,-733,-157,-1238
226,-3796,10384,-13844,-1584,1072,-486,896
227,-2860,7628,-15788,-1584,2576,-1082,-511
228,-3352,6276,-16184,-1536,2850,-1577,-818
229,-2828,7540,-13668,-1552,-1859,521,39
230,-3224,9376,-14288,-1568,2206,-717,62
231,-3224,7864,-15904,-1536,1377,-605,-228
232,-3524,7180,-15624,-1568,1644,-1588,-238
233,-3100,7352,-14948,-1552,-804,201,19
234,-2792,8080,-15816,-1568,584,-602,-902
235,-3420,7452,-15272,-1584,601,-863,-475
236,-2984,7616,-14844,-1552,1142,-262,-157
237,-3528,6892,-14860,-1568,1939,517,-724
238,-3864,7468,-16236,-1552,577,152,468
239,-2952,6772,-13472,-1568,-1436,652,730
240,-1820,3996,-18524,-1536,679,-295,-8
241,-3128,7904,-16396,-1552,658,-581,-672
242,-3792,7224,-16812,-1552,754,-1512,-324
243,-3256,7552,-15204,-1584,-2045,-134,995
244,-3980,7120,-16204,-1584,464,-342,-338
245,-3220,8064,-16656,-1584,-437,-857,325
246,-3912,6640,-13880,-1552,240,-1503,17
247,-2824,7960,-14008,-1568,1329,-154,-681
248,-3184,7608,-14336,-1552,-479,436,552
249,-3448,6948,-14088,-1568,-4,1043,257
250,-2792,8224,-17772,-1552,1856,-814,311
251,-3480,7328,-15156,-1552,966,-25,500
252,-2896,8380,-17220,-1600,1912,-1583,-726
253,-2916,7632,-14992,-1584,-2700,390,770
254,-2700,6816,-11172,-1552,-644,71,-837
255,-4880,10736,-17740,-1568,307,-1388,-763
256,-3960,7144,-14896,-1584,142,-1696,470
257,-3032,7884,-14808,-1552,1945,-1054,-240
258,-3652,7672,-15560,-1568,1113,170,-200
259,-4848,12756,-13588,-1568,-734,364,-545
260,-3820,7448,-15844,-1536,618,275,-181
261,-4460,9188,-16148,-1552,-700,-1150,-735
262,-3024,6652,-13052,-1536,519,-432,-1102
263,-4516,8632,-15180,-1568,516,239,-1235
264,-3356,5944,-14260,-1568,-1747,910,-13
265,-3680,8472,-18156,-1568,315,-757,-881
266,-3680,7980,-15252,-1568,607,-298,416
267,-4468,6284,-13600,-1552,1211,159,-1195
268,-3684,7516,-14532,-1568,-1630,318,373
269,-2120,3780,-13464,-1552,563,343,958
270,-3668,9408,-15932,-1568,517,-1471,-175
271,-3728,7924,-15052,-1584,324,-433,82
272,-3160,8220,-14624,-1568,1234,-1160,-373
273,-3972,7784,-15356,-1584,258,-390,223
274,-3584,7708,-14412,-1536,345,-264,403
275,-3688,7824,-14548,-1552,1790,304,-22
276,-3548,7616,-15040,-1568,1676,505,13
277,-3644,7456,-15340,-1568,1191,542,-69
278,-3888,8224,-14632,-1584,588,671,1384
279,-3428,8464,-16296,-1552,-83,905,605
280,-4492,9748,-16760,-1584,-3263,13,28
281,-3852,8588,-15448,-1536,-1439,-757,39
282,-3168,7652,-14832,-1568,-1873,96,560
283,-3732,6508,-15828,-1600,1559,-725,-101
284,-2608,6892,-14096,-1568,-2169,423,693
285,-2952,7580,-12816,-1568,427,-220,-380
286,-3664,8316,-16664,-1584,-232,-944,92
287,-4036,7624,-13764,-1584,337,-1877,497
288,-3468,8500,-14900,-1584,1375,-741,77
289,-3048,8564,-14624,-1568,-1666,-572,836
290,-2708,8660,-13500,-1568,-890,503,187
291,-3380,8952,-16812,-1552,627,-456,-818
292,-3544,8528,-15108,-1552,147,-867,-250
293,-3340,8356,-14480,-1552,479,-1173,-510
294,-3820,8312,-14736,-1552,-426,-129,44
295,-3344,8496,-13392,-1552,-1181,932,443
296,-4040,9084,-17808,-1568,1166,-280,-237
297,-3100,8900,-14960,-1552,1468,-910,434
298,-912,2368,-14224,-1568,-820,-335,140
299,-3392,8896,-15644,-1568,784,90,-653
300,-3080,8404,-12732,-1584,-1524,1368,-373
301,-4832,11748,-16608,-1568,1304,-1207,-748
302,-3840,8220,-14448,-1552,330,247,282
303,-3292,8320,-14156,-1568,1697,-350,-669
304,-3352,8184,-14240,-1568,-861,407,434
305,-3804,8324,-15276,-1552,346,-7,-298
306,-3780,8496,-16148,-1600,452,-791,-195
307,-3852,8092,-15088,-1536,1329,-777,-24
308,-3272,8256,-14444,-1568,292,226,206
309,-3400,8572,-14568,-1568,-499,260,335
310,-3352,7936,-12844,-1568,-1224,651,787
311,-2972,8812,-15252,-1568,898,-705,166
312,-3260,6028,-15748,-1552,-878,53,-705
313,-2640,8640,-14456,-1584,78,-1008,101
314,-2712,8084,-13288,-1568,-2481,109,714
315,-2948,7028,-11896,-1568,2650,883,426
316,-2448,9596,-17620,-1552,2724,530,-423
317,-3612,6180,-14312,-1552,1612,-379,-2799
318,-3132,6448,-15092,-1568,-2909,414,-566
319,-3512,7328,-12492,-1568,358,-45,-1307
320,-2984,9784,-16816,-1600,1915,-190,-219
321,-3508,8772,-14880,-1536,1959,-1113,-895
322,-3420,7516,-15004,-1584,-913,82,-324
323,-3040,6856,-16192,-1600,1450,123,11
324,-4004,7464,-15440,-1616,2203,-632,283
325,-4008,9092,-14272,-1584,-1336,-751,1118
326,-3400,8044,-14232,-1600,204,-109,887
327,-3856,8484,-16548,-1552,1232,-86,488
328,-3600,6688,-15060,-1600,80,-771,-621
329,-3688,8100,-13248,-1536,181,-795,562
330,-3376,8000,-13532,-1552,341,465,688
331,-3640,8036,-15996,-1536,1882,284,299
332,-3408,7864,-15064,-1568,825,-501,787
333,-3068,7788,-14364,-1584,-466,-609,204
334,-2904,9116,-17976,-1552,512,-488,-361
335,-3280,7456,-12848,-1568,-2406,1220,952
336,-3628,8396,-17788,-1552,329,-1768,-1363
337,-3328,8180,-14624,-1568,-262,-166,-354
338,-4840,6296,-13416,-1568,5946,-26,49
339,-3476,8200,-15500,-1552,-1467,217,-245
340,-3088,6944,-12228,-1584,24,-82,-892
341,-4308,9460,-16724,-1568,1044,-754,-39
342,-3752,7260,-14044,-1568,-48,-1039,194
343,-4088,8772,-16180,-1600,123,-266,851
344,-3220,7856,-12952,-1552,-2316,150,1460
345,-3748,8364,-16716,-1568,552,-1098,-280
346,-2960,8756,-16064,-1568,-290,-404,227
347,-3892,7152,-13560,-1568,1899,-286,-1027
348,-3200,8312,-15184,-1584,-1683,-98,489
349,-3892,7496,-12280,-1568,-1563,-366,182
350,-5596,15048,-18424,-1584,763,-747,819
351,-3548,8584,-15520,-1568,894,-26,218
352,-3176,3884,-15944,-1584,1902,-986,-275
353,-3708,8000,-14868,-1600,-356,-453,-32
354,-3052,8024,-12400,-1552,-2252,426,-315
355,-4420,9416,-16656,-1600,1089,-324,-53
356,-3740,8088,-14976,-1552,623,-273,-107
357,-4228,8052,-15840,-1552,2028,-1228,-315
358,-3964,7796,-15088,-1568,102,-303,216
359,-3328,7696,-13108,-1536,-2171,853,485
360,-4012,9628,-16684,-1568,2112,-638,1796
361,-4004,8664,-15484,-1568,533,-413,13
362,-4164,6340,-15460,-1584,3501,-856,-483
363,-3768,8524,-14932,-1552,-108,55,-216
364,-3348,8104,-13268,-1536,-1843,800,606
365,-2036,3580,-15796,-1568,3864,480,754
366,-4044,8628,-15900,-1552,944,-463,-121
367,-3496,5524,-14796,-1584,-268,-777,-51
368,-3768,8064,-14804,-1584,326,-9,83
369,-2916,7372,-14000,-1584,201,122,127
370,-3476,8056,-14116,-1536,1137,511,252
371,-3400,8216,-15484,-1552,1066,342,-189
372,-3256,8356,-14960,-1584,610,-110,-428
373,-3492,8232,-15696,-1568,560,-238,-961
374,-4008,7976,-15520,-1584,-1115,-727,-1348
375,-3240,7544,-12240,-1600,-3588,462,-551
376,-4312,10052,-16456,-1568,2535,-1349,8
377,-4064,8636,-15572,-1568,-916,15,-893
378,-2792,5068,-13168,-1552,2150,-12,99
379,-3856,8296,-14132,-1568,-1371,979,736
380,-4096,7840,-13780,-1600,1059,345,385
381,-4108,8404,-15304,-1552,610,-179,631
382,-2672,8792,-13684,-1584,513,536,1153
383,-2504,8116,-12912,-1568,347,204,1003
384,-2760,8780,-14912,-1584,1877,-286,297
385,-3900,7476,-13604,-1584,913,-757,-47
386,-3820,10324,-14224,-1568,-1116,157,-810
387,-3468,8876,-15136,-1584,942,-459,-676
388,-3284,7364,-15128,-1584,737,-415,-737
389,-3008,8256,-14380,-1584,442,692,-1260
390,-3868,7960,-14096,-1552,799,-890,-2041
391,-3092,8256,-13612,-1584,-1254,807,-761
392,-2616,8132,-12956,-1568,2117,378,-1889
393,-2808,6588,-16316,-1536,-3431,314,-1579
394,-4232,8244,-14260,-1568,1419,-446,-3522
395,-4116,8808,-13940,-1552,-1019,328,-2511
396,-4448,6380,-13776,-1600,1322,816,-1807
397,-3712,7212,-14576,-1568,1289,1322,325
398,-4908,9068,-16960,-1568,-124,-803,469
399,-4180,7052,-13700,-1536,-934,-76,500
400,-4376,8644,-12792,-1584,768,698,1935
401,-3956,9344,-14664,-1584,936,322,1152
402,-3420,8164,-14892,-1568,-395,37,514
403,-2192,6520,-14700,-1584,-324,454,190
404,-3196,6272,-14920,-1536,789,505,680
405,-2728,7864,-17356,-1584,1414,493,768
406,-4040,8492,-16308,-1584,-922,-1728,-390
407,-3584,8140,-15128,-1568,-1030,-1829,99
408,-3124,8576,-14448,-1600,-2297,177,-309
409,-2684,6388,-15016,-1568,1383,-31,255
410,-3012,7804,-15472,-1568,-765,-497,456
411,-3616,10500,-15584,-1568,-1227,-2469,-159
412,-3544,6412,-13856,-1552,-3044,-1921,366
413,-4160,7344,-13336,-1568,-256,-2357,2258
414,-2232,6624,-13692,-1584,1772,-1607,3284
415,-4664,11992,-16640,-1568,1451,-1093,1883
416,-4416,12672,-14320,-1552,-493,-1736,169
417,-4432,8212,-12552,-1568,-682,-571,-828
418,-4332,10072,-13516,-1568,2902,-637,54
419,-5384,11404,-14960,-1600,3,-411,32
420,-4604,9356,-10664,-1568,399,-717,609
421,-4608,8828,-14516,-1584,2075,538,1294
422,-3548,5448,-12408,-1584,-1377,367,2493
423,-5004,10268,-16140,-1568,3384,-745,1162
424,-3312,8356,-15028,-1568,-928,979,1220
425,-3408,7360,-14704,-1568,5717,1014,-859
426,-3356,11112,-14176,-1568,-1312,1680,-9
427,-3544,9292,-16664,-1536,1331,-61,-1302
428,-3184,8156,-12660,-1552,-459,2080,-2268
429,-3904,9932,-16972,-1616,-75,1068,-1870
430,-2768,7380,-13112,-1568,-2891,821,-201
431,-3924,7464,-16248,-1568,5502,967,-1391
432,-3236,9752,-15264,-1568,-857,1466,311
433,-3548,10248,-18360,-1568,1158,-1202,-1137
434,-3344,6336,-14524,-1568,-1443,363,-533
435,-3128,7388,-15968,-1568,1950,-93,-1777
436,-2952,5868,-15488,-1568,3276,-494,-1981
437,-2704,6556,-16000,-1552,-616,159,-1094
438,-3108,7964,-15868,-1600,-3127,-782,-3
439,-2896,8828,-16304,-1584,1066,-822,-294
440,-2568,6620,-11172,-1600,713,61,-1239
441,-3844,10344,-16096,-1552,1413,-84,-1092
442,-3264,6264,-12096,-1568,-2659,511,924
443,-3524,9688,-17328,-1536,1587,-618,-709
444,-4100,6248,-12712,-1536,-71,-401,-1569
445,-3884,9800,-16208,-1536,366,-153,-1591
446,-2536,4440,-13276,-1584,-3515,-38,410
447,-4308,10052,-16156,-1584,1029,-1490,127
448,-4512,7880,-14968,-1584,-1066,-107,-920
449,-4992,11304,-15316,-1568,4046,-1087,-444
450,-4576,7600,-14140,-1584,-1304,566,2157
451,-3980,6780,-14496,-1568,469,563,2037
452,-5788,12868,-15052,-1616,824,-832,614
453,-2488,5912,-13296,-1568,1550,315,300
454,-3316,8396,-15304,-1568,-650,258,662
455,-3016,5780,-12728,-1584,-657,707,1312
456,-2752,9696,-18384,-1584,320,-1609,-696
457,-3784,8120,-15280,-1568,-2184,-1390,-133
458,-4776,11824,-13648,-1552,944,-2117,-188
459,-4336,8012,-14932,-1568,-739,-1599,267
460,-4608,8460,-13464,-1600,-1067,-1265,1222
461,-3156,8340,-13416,-1552,893,-662,2381
462,-4204,10556,-15604,-1552,-1773,-746,652
463,-2756,5688,-12744,-1600,1718,-1556,466
464,-3376,9236,-13240,-1600,-44,-1448,456
465,-4508,8328,-15568,-1568,1322,-2191,-31
466,-4340,8624,-14556,-1568,-192,-1300,595
467,-4632,9376,-13600,-1584,28,-85,533
468,-2888,5612,-10420,-1552,1716,1127,1764
469,-5188,13768,-16784,-1568,2149,-734,-143
470,-4300,8712,-13728,-1568,-3034,-1120,843
471,-3392,9112,-12292,-1616,-614,-857,155
472,-4088,9016,-12824,-1520,1352,494,-715
473,-4296,8988,-14540,-1584,2036,-133,-649
474,-4092,12184,-14224,-1584,-2015,-133,-894
475,-3836,8424,-14092,-1600,212,146,-524
476,-4616,9912,-13964,-1600,755,504,-1148
477,-4364,7708,-14720,-1568,737,547,-914
478,-4452,8920,-13912,-1584,658,438,-547
479,-4300,8360,-14672,-1600,1273,223,-27
480,-4000,8548,-15076,-1568,431,37,-130
481,-4344,8528,-14808,-1584,32,-261,-193
482,-4244,8624,-14336,-1568,-92,-116,-335
483,-4260,8744,-14156,-1568,319,40,-452
484,-3940,8504,-13744,-1552,389,435,-725
485,-4376,8508,-14460,-1600,46,302,-686
486,-3980,9224,-13452,-1584,-106,240,-382
487,-4424,9028,-14492,-1584,785,310,-915
488,-4152,8168,-14396,-1568,120,163,-453
489,-4312,8224,-14160,-1568,823,319,66
490,-4052,8336,-14036,-1568,724,397,718
491,-4032,8488,-14604,-1616,534,531,545
492,-3784,8868,-15576,-1568,350,160,233
493,-3652,8748,-14524,-1584,-703,527,112
494,-4444,8368,-14964,-1568,44,-205,-107
495,-3936,8660,-14416,-1568,-10,-139,-82
496,-3808,8744,-14328,-1584,756,-253,-220
497,-3900,8636,-14412,-1552,2211,-65,-863
498,-4056,8316,-14500,-1552,1633,-7,-804
499,-3380,6872,-14240,-1568,-864,61,-340
500,-3124,8236,-12340,-1584,-244,221,-105
501,-4512,8452,-15204,-1584,1502,-473,-688
502,-4184,8092,-14032,-1568,1140,-101,-232
503,-3680,7848,-13904,-1568,2843,897,-1212
504,-4792,7908,-15636,-1568,2257,168,-1034
505,-4100,7968,-14140,-1584,-579,-149,141
506,-4224,7700,-14248,-1616,-323,-3,66
507,-4336,8216,-16120,-1584,-588,-608,-286
508,-4232,7828,-14900,-1568,694,-451,171
509,-4076,8048,-14872,-1584,2137,-343,176
510,-3052,5692,-14692,-1584,-847,-121,-1478
511,-3744,7344,-14436,-1600,588,-171,-610
512,-4296,8876,-14888,-1552,262,250,-806
513,-4120,8136,-14148,-1584,592,212,-655
514,-3600,7860,-14252,-1600,457,37,-387
515,-4296,7696,-15388,-1584,-626,62,-649
516,-4372,7864,-15584,-1584,-101,-482,-724
517,-4408,7584,-15308,-1552,438,-34,-444
518,-4076,7736,-14928,-1568,744,136,-234
519,-4620,7356,-15552,-1568,2040,-100,-1005
520,-4704,7560,-16140,-1600,9,-334,492
521,-3860,7744,-14512,-1584,-551,-233,595
522,-3756,7436,-12784,-1552,-1258,499,-183
523,-4536,7628,-15176,-1584,-49,-331,-845
524,-4568,7464,-14952,-1616,266,-531,-193
525,-4220,7688,-15360,-1600,840,-259,229
526,-4260,7572,-14908,-1568,483,0,413
527,-3980,7732,-15248,-1568,325,-134,333
528,-4536,7372,-15188,-1600,570,-639,-338
529,-4360,7644,-15300,-1584,511,-259,102
530,-4464,7744,-15128,-1568,835,-223,-164
531,-4016,7644,-14416,-1632,-196,-216,94
532,-4008,7848,-14684,-1600,-32,-519,-202
533,-3872,7928,-13988,-1600,-1181,-450,274
534,-4268,7596,-14808,-1600,427,-1049,-541
535,-4372,7820,-14324,-1600,-1045,-687,-81
536,-5268,8088,-15572,-1600,-161,-1508,793
537,-5696,11624,-15816,-1552,-874,328,-1164
538,-5044,7552,-14648,-1584,-1284,-90,862
539,-4292,9956,-13476,-1584,3241,525,2828
540,-4168,11156,-15420,-1552,3473,327,-400
541,-4408,8172,-14928,-1584,119,-517,-173
542,-4360,7796,-14548,-1552,-934,-664,-1287
543,-4008,8084,-13844,-1600,70,-278,-258
544,-4196,8408,-14872,-1552,-1018,532,210
545,-3628,5848,-13096,-1584,-908,1266,-208
546,-4784,8444,-17900,-1584,2316,515,-358
547,-4164,8596,-15400,-1584,-389,335,-136
548,-3044,7184,-14008,-1584,851,63,-879
549,-4184,8136,-15176,-1536,1446,-284,-941
550,-4504,8092,-14812,-1568,-831,-17,-47
551,-4064,8456,-13760,-1600,-65,-317,426
552,-3400,6676,-14084,-1552,-37,565,-237
553,-4060,8368,-15500,-1600,1921,-455,-3
554,-4544,9108,-15172,-1600,549,-603,-247
555,-3884,7556,-14156,-1616,72,351,327
556,-4096,7588,-13132,-1600,1438,143,-661
557,-4548,8196,-15656,-1568,376,-37,-106
558,-4264,8116,-14616,-1584,547,-282,609
559,-4116,8964,-14248,-1568,14,-255,-92
560,-3416,8048,-13204,-1584,96,477,388
561,-5076,8120,-16604,-1584,1308,220,-591
562,-4424,8096,-15228,-1584,585,-742,75
563,-4420,7868,-14408,-1568,909,-1013,356
564,-4132,8120,-14868,-1600,435,-401,546
565,-3968,8580,-15416,-1584,87,151,394
566,-3212,4332,-15908,-1552,-769,50,36
567,-5768,12996,-14984,-1600,-402,-815,-481
568,-4300,8120,-14688,-1600,-368,-425,-570
569,-3448,8080,-13572,-1584,-685,776,-578
570,-4288,7852,-14624,-1568,1000,849,-945
571,-4800,8052,-15808,-1568,851,205,-812
572,-4300,7864,-15020,-1584,644,-71,-586
573,-4080,8044,-15128,-1584,923,-280,-736
574,-4180,8000,-14456,-1568,-1430,474,-83
575,-4660,6760,-13696,-1568,-635,-101,-1115
576,-4132,8812,-15548,-1600,222,-344,760
577,-3580,5516,-14052,-1600,87,164,357
578,-4924,11132,-15164,-1600,2856,-1120,-1339
579,-4908,7588,-15484,-1568,-595,-576,739
580,-4620,10020,-14108,-1600,-422,-839,687
581,-3512,6932,-13808,-1600,20,114,23
582,-3472,8372,-13368,-1568,787,718,-82
583,-3636,7892,-13420,-1568,1224,1313,-901
584,-4500,10396,-16852,-1616,1209,-57,-20
585,-5016,7704,-15504,-1600,-757,-848,-286
586,-4544,7860,-14812,-1584,89,-933,429
587,-4168,8108,-15264,-1568,503,-734,856
588,-4212,7856,-13884,-1584,144,-588,988
589,-3988,8116,-14516,-1600,1246,-1036,272
590,-4872,10552,-13780,-1600,820,-185,-756
591,-3732,7596,-14756,-1568,517,122,-311
592,-4308,8108,-15416,-1600,298,-93,-492
593,-4412,8016,-14848,-1584,-258,-177,-239
594,-4136,7988,-14168,-1552,-259,153,-9
595,-3988,8172,-14088,-1568,-1083,524,213
596,-4304,8400,-15756,-1600,-304,-542,-520
597,-4500,8116,-14892,-1632,775,-465,-21
598,-4188,8364,-14564,-1552,868,364,519
599,-1792,2796,-14288,-1568,-328,878,-720
600,-4752,7824,-15608,-1568,1030,-95,-484
601,-4124,8160,-14260,-1584,-528,-153,387
602,-3776,6788,-13576,-1584,-688,451,472
603,-3996,8560,-15444,-1600,-113,-388,-452
604,-4568,8028,-14920,-1584,278,-549,-157
605,-4260,8272,-15016,-1568,919,-638,45
606,-4320,8204,-15212,-1584,-151,-368,120
607,-4336,8192,-14780,-1584,-518,-501,140
608,-4268,8436,-14600,-1584,-358,-291,365
609,-3680,8476,-14096,-1584,496,71,203
610,-4192,8448,-14508,-1552,1721,-547,-420
611,-5932,13360,-15476,-1552,2795,-568,45
612,-4464,8200,-14772,-1552,87,-431,-45
613,-4068,8160,-13996,-1568,1,-391,74
614,-4016,8136,-14300,-1600,-123,217,72
615,-4408,8488,-15196,-1632,-372,-145,57
616,-4336,8088,-14412,-1600,849,-251,-338
617,-9192,20400,-14664,-1600,-1085,-514,-922
618,-3784,7476,-14536,-1552,393,359,-167
619,-4240,7820,-13940,-1600,312,67,-307
620,-4604,8368,-16512,-1584,1130,-544,-1043
621,-4608,7980,-14888,-1584,-35,-673,393
622,-4112,8180,-14756,-1584,914,-172,196
623,-4328,8200,-14652,-1600,450,-7,445
624,-3376,8560,-13608,-1568,-1344,813,316
625,-4744,7756,-13156,-1568,-239,-61,-788
626,-4896,7876,-16720,-1568,1115,175,-1538
627,-4600,7940,-15812,-1568,613,-215,-453
628,-4104,8100,-15144,-1600,-65,1,84
629,-4400,8092,-15152,-1584,-338,-471,272
630,-4400,8132,-14644,-1584,421,-1609,-105
631,-4348,7244,-14312,-1616,111,-31,-177
632,-4456,7916,-14172,-1584,-241,-456,185
633,-3772,7808,-13040,-1600,-1298,935,194
634,-4116,8492,-16356,-1600,404,-549,-1099
635,-4524,7936,-15176,-1600,775,-203,-68
636,-4264,7992,-14872,-1568,321,-159,348
637,-3360,4352,-15412,-1584,52,-412,408
638,-4464,8488,-14668,-1600,96,-314,461
639,-3900,8148,-14412,-1584,-93,454,580
640,-4156,7328,-12808,-1600,525,117,-512
641,-4452,8368,-15780,-1584,1694,-357,-940
642,-4468,7752,-14464,-1584,195,-430,453
643,-3512,8416,-13264,-1616,-2307,1217,735
644,-3612,7576,-16516,-1616,2469,-730,220
645,-4704,7784,-14836,-1584,197,-509,-286
646,-4292,7864,-14956,-1584,377,-210,83
647,-4220,8032,-14892,-1568,1235,433,29
648,-3816,8308,-15644,-1584,1154,-487,-282
649,-5780,11384,-14860,-1600,-1467,-1017,-1332
650,-3704,7508,-13388,-1616,107,-24,311
651,-3876,8212,-14836,-1600,955,-119,-163
652,-4096,7968,-14828,-1552,-179,-242,-53
653,-4492,7236,-13396,-1584,-1594,853,-711
654,-5108,8864,-14668,-1616,460,-427,-194
655,-4548,8048,-15048,-1584,364,-362,-16
656,-4172,8108,-14940,-1552,15,-358,467
657,-4220,8248,-14728,-1600,218,-220,651
658,-3876,8164,-13584,-1584,340,203,509
659,-3820,8320,-15400,-1568,1433,-500,-980
660,-4880,7888,-15812,-1600,-17,-307,-251
661,-3592,8664,-14004,-1600,-1902,1083,1058
662,-3788,5232,-16060,-1616,1386,588,-1000
663,-4720,9144,-16360,-1616,1102,-641,-800
664,-3172,7856,-13352,-1584,1641,323,-542
665,-4492,7844,-14184,-1584,-943,-114,459
666,-3840,8064,-12588,-1584,-480,-232,355
667,-3380,8460,-13664,-1616,1753,-84,-817
668,-4488,8048,-14840,-1568,716,-691,-307
669,-4516,7956,-14864,-1600,395,-642,172
670,-4196,8120,-14764,-1600,394,-464,126
671,-4444,8120,-14804,-1616,340,-257,-6
672,-4424,7908,-14612,-1568,109,-316,217
673,-4252,8160,-14388,-1584,228,-189,109
674,-4240,8104,-14208,-1584,416,-84,-58
675,-4364,8220,-14856,-1600,238,-341,71
676,-4232,8172,-14432,-1600,265,-350,49
677,-4360,8120,-14408,-1584,484,-202,-122
678,-4316,8000,-13608,-1584,484,111,-243
679,-3904,8180,-15044,-1584,391,690,-390
680,-4292,8424,-14552,-1600,-565,607,152
681,-4036,7792,-14076,-1584,1397,64,-538
682,-4868,7948,-15096,-1600,-403,-514,663
683,-3708,5464,-14664,-1600,-276,-346,151
684,-4236,8388,-14120,-1600,-45,-361,102
685,-4192,8100,-13632,-1568,1151,-132,-45
686,-4532,7980,-14388,-1552,745,491,-176
687,-4568,8000,-15436,-1584,431,-68,238
688,-4340,7952,-14696,-1600,393,86,640
689,-3916,8272,-14748,-1600,-113,295,830
690,-3872,8320,-14328,-1584,-845,215,560
691,-4140,8160,-15008,-1616,56,-627,121
692,-4184,8328,-14476,-1600,499,-221,403
693,-3808,7700,-14664,-1584,740,276,-366
694,-3628,8360,-14684,-1568,838,-342,-774
695,-3988,8240,-14620,-1600,-246,300,14
696,-3320,7996,-12984,-1552,-233,993,-1012
697,-6340,14700,-15520,-1584,2772,-578,-745
698,-3964,7364,-13116,-1600,1607,-839,-129
699,-4364,8032,-14024,-1584,-1332,159,529
700,-4140,7828,-14336,-1600,2499,-88,-200
701,-4180,8404,-17232,-1568,1018,-177,292
702,-4856,11068,-15052,-1568,447,-519,-432
703,-3356,6444,-15252,-1616,-240,-295,-6
704,-3908,7800,-14660,-1600,461,-476,-166
705,-3080,4136,-15476,-1600,1385,9,-75
706,-3952,7352,-14088,-1600,-189,-467,-701
707,-3772,8008,-14276,-1616,1145,303,-185
708,-5016,9496,-15228,-1584,2437,-501,-294
709,-4728,7616,-15388,-1616,63,-203,527
710,-3948,8120,-15780,-1568,1190,-114,488
711,-4044,5772,-15716,-1600,2819,-159,-1537
712,-4444,6684,-14252,-1600,313,38,-983
713,-4148,7820,-16548,-1584,2735,-279,-860
714,-4196,5916,-15640,-1600,3084,-969,-1390
715,-4152,7208,-14704,-1584,-96,-446,365
716,-3692,7648,-14704,-1600,2913,17,-443
717,-4500,7196,-15664,-1600,1153,-23,45
718,-4336,5288,-15608,-1616,2005,-627,-1155
719,-3636,6704,-13980,-1584,1370,-497,6
720,-3348,7336,-15204,-1568,17,524,263
721,-4468,6120,-15416,-1584,-328,-544,-792
722,-4148,6816,-14416,-1584,-212,182,-1
723,-4068,6788,-15096,-1600,2142,425,-1156
724,-4236,6652,-15104,-1568,1449,627,-1063
725,-5252,6116,-17000,-1584,-92,-225,-1108
726,-4588,6944,-17224,-1616,313,-783,534
727,-5400,4876,-13824,-1584,-2663,-1113,581
728,-3660,7368,-15880,-1616,-68,276,-7
729,-3720,6964,-13980,-1568,-763,567,328
730,-3804,7256,-16708,-1584,895,-546,-576
731,-4332,6272,-14192,-1616,-17,380,941
732,-3472,8644,-16512,-1632,1840,-1174,-465
733,-3832,6344,-12000,-1584,-382,252,368
734,-5976,10364,-17776,-1568,2395,-56,989
735,-3876,2668,-15484,-1600,-480,-680,411
736,-4188,7340,-16152,-1600,-481,1091,1026
737,-4476,6348,-16972,-1600,533,-677,639
738,-3092,7580,-16620,-1600,1450,-61,645
739,-4024,5984,-16392,-1584,1268,-1045,-776
740,-3536,4144,-13500,-1632,-2588,-138,244
741,-3816,7276,-16468,-1568,2015,-290,-1372
742,-4232,5612,-14948,-1600,1106,240,41
743,-3752,8048,-15920,-1632,-461,-680,1138
744,-3420,6044,-13484,-1600,-93,367,464
745,-4448,7800,-19216,-1616,634,325,-486
746,-4104,4552,-13512,-1600,-1585,-619,-841
747,-3456,8032,-14688,-1584,-535,585,359
748,-4552,6360,-15616,-1600,1852,35,-721
749,-3980,7200,-18040,-1632,1447,-527,-390
750,-4092,4620,-11252,-1600,-1446,-611,-346
751,-4996,7356,-15168,-1584,-89,298,509
752,-4788,5536,-16468,-1632,801,-389,84
753,-4752,7380,-17720,-1600,473,-308,1
754,-4368,6672,-13832,-1584,-715,-404,547
755,-3768,7644,-15700,-1616,716,-725,-372
756,-4132,6472,-14912,-1616,1635,68,-399
757,-4720,6612,-16288,-1600,249,-422,-613
758,-4360,7296,-14508,-1600,-965,-369,383
759,-4052,6392,-15908,-1600,321,-593,194
760,-4660,6876,-15700,-1584,-498,-930,-36
761,-4296,6676,-14592,-1616,-62,-373,-5
762,-4248,7168,-14940,-1632,1155,-140,-235
763,-4680,6904,-16172,-1632,668,-92,131
764,-3848,6788,-14152,-1584,-1701,670,1218
765,-4280,7248,-16660,-1616,1108,-911,-392
766,-3516,1604,-15840,-1600,-2480,30,250
767,-4384,6724,-13596,-1616,-434,-758,-123
768,-4376,7436,-15220,-1584,-534,-85,-323
769,-1936,2232,-13208,-1584,-537,742,1473
770,-4884,8440,-16240,-1584,1863,-821,-411
771,-4956,6960,-16172,-1584,128,-37,329
772,-4432,6908,-15044,-1632,1003,-152,397
773,-4272,6364,-16240,-1632,173,-755,23
774,-4092,5956,-15044,-1600,271,-370,167
775,-4156,7236,-15148,-1600,-428,-179,261
776,-4512,7164,-15224,-1600,-86,398,-170
777,-4344,7428,-14864,-1584,235,-153,-42
778,-4040,7072,-13336,-1568,-518,1205,-120
779,2048,-3376,-16148,-1632,2260,1649,1604
780,-4980,7204,-15952,-1616,541,-633,447
781,-4132,6984,-15512,-1600,141,-919,357
782,-3776,7052,-15180,-1552,-251,302,68
783,-4592,6676,-14900,-1568,1229,-52,-559
784,-4516,7236,-14820,-1600,-61,-233,-203
785,-4248,7216,-14788,-1632,-780,-646,-228
786,-4348,7164,-14472,-1600,157,-279,-386
787,-4132,7588,-15052,-1600,441,69,-247
788,-4880,7216,-15620,-1600,785,-329,398
789,-3308,6112,-15064,-1600,-2472,541,-119
790,-4116,6660,-15108,-1600,386,-54,-257
791,-4376,7108,-14672,-1616,279,106,-229
792,-4320,7272,-14848,-1616,104,66,-197
793,-4344,7424,-14744,-1600,-60,34,-378
794,-4540,7344,-14904,-1632,101,-30,-313
795,-4656,7188,-15316,-1600,268,-202,-114
796,-4280,7460,-14904,-1600,595,-71,-36
797,-4484,7088,-14976,-1568,584,-73,-54
798,-4460,7304,-15612,-1584,621,-173,-279
799,-4048,7332,-14020,-1584,-629,1335,-108
800,792,-3460,-16720,-1616,1169,114,2122
801,-5600,9064,-15752,-1584,-592,-470,-269
802,-4496,7268,-15192,-1616,-114,-91,246
803,-5132,6760,-15136,-1584,1272,153,-391
804,-4416,7736,-15880,-1600,-593,-294,276
805,-3840,7380,-13164,-1568,-2038,784,468
806,-4260,7672,-15348,-1632,1216,330,-1148
807,-4160,8016,-15764,-1600,-312,-501,121
808,-4488,7252,-13800,-1600,311,-286,578
809,-4048,7528,-14496,-1600,1041,656,-144
810,-4304,7588,-15248,-1584,1163,-114,-299
811,-4604,7276,-15512,-1600,580,-150,14
812,-4356,7488,-15940,-1616,374,-232,351
813,-4368,7496,-15168,-1600,282,-297,394
814,-5108,9424,-14212,-1616,-863,2,50
815,-4648,7340,-15024,-1616,-831,464,-61
816,-1632,1484,-15596,-1600,632,251,681
817,-4604,7600,-15204,-1600,-388,-339,596
818,-3992,7592,-14044,-1568,378,751,468
819,-4916,7480,-15840,-1616,2836,-429,-948
820,-5680,11508,-14060,-1616,-2844,318,-365
821,-3088,7708,-13116,-1600,227,-298,-459
822,-5364,10904,-15312,-1616,888,-245,-690
823,-5948,6368,-15208,-1632,1449,-223,-873
824,-4316,7592,-14972,-1600,-2347,351,885
825,-5300,8468,-17176,-1600,1455,-722,367
826,-3992,8116,-15260,-1600,-12,199,250
827,-5816,6444,-15784,-1616,2096,-445,-1163
828,-3876,7412,-14940,-1600,-2703,62,658
829,-3524,7084,-15172,-1648,299,-524,79
830,-3800,7780,-14668,-1632,1908,-301,-121
831,-3952,7464,-13856,-1600,-1074,434,39
832,-2936,2668,-14944,-1600,912,-229,-36
833,-3912,8452,-15796,-1616,510,0,191
834,-2332,3208,-14312,-1616,1304,185,633
835,-4512,7352,-15548,-1568,455,-653,592
836,-4072,7448,-14292,-1600,-246,-805,508
837,-3916,7736,-14444,-1600,-9,-409,-277
838,-4212,7600,-14992,-1600,723,-193,-482
839,-4464,7368,-15120,-1568,511,-300,-121
840,-4452,7500,-15148,-1632,726,-360,61
841,-4208,7520,-15272,-1584,441,-355,9
842,-4260,7520,-14960,-1616,287,-229,-30
843,-4304,7548,-14820,-1600,-3,-96,-299
844,-4920,7500,-14944,-1600,-272,-513,-658
845,-4432,7780,-15376,-1632,-273,-427,-535
846,-4384,7652,-14696,-1600,-225,335,-353
847,-4728,7508,-14804,-1600,863,-375,-569
848,-4948,7364,-15452,-1616,528,565,142
849,-4160,7724,-13832,-1600,-1,29,923
850,-3948,7960,-13652,-1600,151,23,179
851,-4184,7864,-15220,-1600,518,-529,-291
852,-4500,7612,-14976,-1600,283,-534,-4
853,-4340,7708,-15524,-1584,622,-422,-5
854,-4444,7596,-14660,-1600,410,-73,30
855,-4328,7532,-14824,-1600,216,-136,9
856,-4316,7536,-13668,-1600,383,738,-164
857,-4388,7748,-15168,-1632,435,198,-252
858,-4456,7448,-15004,-1616,-569,-26,548
859,-4428,7728,-15264,-1616,142,-978,207
860,-4020,7904,-14796,-1568,290,56,368
861,-3544,7960,-14656,-1632,808,-250,-634
862,-4668,7584,-13536,-1600,344,482,-244
863,-4344,7644,-14152,-1568,-464,922,-322
864,-4592,7532,-15652,-1632,136,-88,-722
865,-4528,7848,-15276,-1616,234,-616,353
866,-3676,7896,-14120,-1616,1196,-447,271
867,-4624,7584,-15488,-1600,375,97,-109
868,-4288,7784,-15056,-1616,70,-25,127
869,-3680,7776,-13892,-1632,-1068,867,-285
870,-6264,15328,-14612,-1632,2536,-532,-574
871,-4516,7588,-15052,-1616,848,-309,384
872,-3584,7912,-13776,-1568,772,296,-151
873,-4980,7308,-14092,-1616,1097,614,332
874,-4384,7708,-15936,-1616,698,227,482
875,-3836,7116,-16248,-1616,-799,-911,412
876,-3932,7332,-15288,-1552,-128,-112,-616
877,-3736,8408,-14224,-1616,841,-471,-1084
878,-4236,7132,-14132,-1600,203,-207,-951
879,-3804,7820,-14944,-1616,-913,-477,-911
880,-3652,9412,-15224,-1600,-328,-1330,-1263
881,-2196,7476,-14772,-1616,-2958,-2951,-3133
882,-2868,6264,-14908,-1600,-3127,-3164,-4556
883,-4328,7732,-14236,-1632,-3602,-3652,-5642
884,-4556,8404,-14472,-1584,-2829,-3673,-2252
885,-6872,8200,-12180,-1648,-2160,-4004,195
886,-6352,8524,-12372,-1632,-1525,-3515,44
887,-8304,9332,-11992,-1600,452,-2738,693
888,-7288,8052,-11672,-1616,-1410,-1734,-247
889,-9812,8184,-11824,-1616,887,-1141,1704
890,-8956,7744,-12468,-1616,1,-760,1914
891,-8124,8148,-12012,-1600,172,-614,2604
892,-7340,9364,-11060,-1600,-155,251,2202
893,-6172,8800,-11108,-1616,756,1799,1321
894,-7136,8808,-12528,-1584,1182,1657,1700
895,-8724,11780,-15676,-1616,-1352,-835,1595
896,-7368,9936,-12820,-1648,-2263,-3131,400
897,-6144,8616,-12204,-1616,-681,-2384,739
898,-6808,10356,-13144,-1600,-817,-1941,965
899,-6860,9628,-12388,-1616,-751,-1331,456
900,-6900,9952,-12088,-1616,-905,-534,287
901,-6756,9700,-12136,-1616,-299,96,-138
902,-6720,9808,-11660,-1600,-175,117,227
903,-7108,10336,-11756,-1616,-200,203,108
904,-6820,9888,-11528,-1616,-75,83,-151
905,-6612,10248,-11892,-1600,-108,123,-123
906,-6752,10080,-11888,-1632,55,157,121
907,-6628,10020,-11712,-1616,215,191,103
908,-6824,10292,-12000,-1584,493,243,-108
909,-6792,10168,-11900,-1600,428,115,-130
910,-7412,10048,-11628,-1600,-286,455,-781
911,-6448,9800,-11932,-1632,-541,91,113
912,-6492,10052,-12048,-1632,548,34,-37
913,-6500,9972,-11720,-1600,50,84,28
914,-6556,10136,-11748,-1632,240,206,-199
915,-6660,10148,-11960,-1632,198,143,189
916,-6544,10184,-11976,-1616,130,202,42
917,-6532,9884,-12044,-1632,398,246,-292
918,-6524,10288,-11812,-1616,137,141,161
919,-6680,10100,-12068,-1600,176,171,268
920,-6340,9972,-12088,-1600,304,79,-55
921,-6408,10032,-11908,-1600,213,84,-32
922,-6468,10116,-12164,-1616,271,141,37
923,-6436,10172,-12092,-1632,266,158,149
924,-6400,10132,-11896,-1616,305,243,-54
925,-6520,10168,-12012,-1584,320,267,-227
926,-6352,10144,-11976,-1632,492,-94,-298
927,-6280,10308,-11720,-1632,285,-338,-266
928,-6536,10232,-11884,-1616,186,-472,-332
929,-6308,9520,-12432,-1616,-62,-667,-274
930,-6524,9848,-12188,-1584,337,-427,-568
931,-6484,10268,-11896,-1648,369,-508,-450
932,-6484,10152,-11548,-1616,223,-624,-206
933,-6620,10040,-11692,-1616,96,-870,-185
934,-6720,10216,-11868,-1584,256,-1051,-135
935,-6776,10256,-11936,-1600,340,-935,209
936,-6864,10028,-12044,-1616,544,-696,371
937,-6692,9896,-12180,-1616,523,-138,239
938,-6560,10016,-11720,-1584,609,354,152
939,-6848,9744,-12436,-1632,488,361,221
940,-6612,9864,-11952,-1584,573,374,-111
941,-6712,10196,-11824,-1632,688,117,12
942,-6536,10084,-11668,-1616,592,117,-51
943,-6732,10136,-11992,-1600,386,57,88
944,-6624,9640,-11864,-1632,485,-11,-267
945,-6524,10000,-12144,-1632,335,-89,-471
946,-6756,10180,-12200,-1568,344,-6,-325
947,-6380,10064,-12076,-1616,213,-5,-109
948,-6888,9956,-11796,-1632,-1,-48,-36
949,-6668,10184,-11820,-1616,-85,-46,-169
950,-6496,9808,-12056,-1648,-28,-184,-186
951,-6568,10188,-11928,-1632,-151,-387,10
952,-6788,9768,-12188,-1600,-172,-337,73
953,-6432,9988,-11812,-1600,-10,-463,-26
954,-6840,9948,-11540,-1616,-150,-459,-168
955,-6616,9944,-11880,-1616,-55,-660,-447
956,-6824,10332,-11644,-1616,-225,-710,-393
957,-6984,10276,-11752,-1632,-17,-632,-535
958,-6848,10052,-11660,-1632,-105,-442,-570
959,-7120,10100,-11548,-1600,-126,-336,-540
960,-6968,10140,-11316,-1616,-33,-415,-570
961,-7052,10232,-11536,-1616,-158,-714,-404
962,-7276,10304,-11488,-1632,-165,-781,-193
963,-7192,10224,-11400,-1616,-58,-705,-200
964,-7240,10168,-11248,-1616,26,-560,-107
965,-7344,10056,-11392,-1616,128,-408,-144
966,-7312,10312,-11212,-1584,170,-304,-151
967,-7288,10204,-11212,-1632,165,-267,-157
968,-7212,10204,-11060,-1632,98,-388,-84
969,-7284,10264,-11416,-1616,88,-363,-93
970,-7384,10340,-11276,-1616,164,-415,-60
971,-7352,10260,-11280,-1600,211,-294,-71
972,-7332,10172,-11268,-1632,300,-213,-66
973,-7532,10364,-11112,-1632,335,-163,-62
974,-7320,10116,-11060,-1632,329,-151,-154
975,-7460,10340,-11252,-1600,244,-214,-65
976,-7444,10252,-11200,-1632,242,-211,-67
977,-7256,10148,-11248,-1600,309,-237,-105
978,-7484,10304,-11148,-1632,303,-181,-62
979,-7492,10276,-11364,-1600,303,-191,-23
980,-7356,10196,-11180,-1600,282,-172,-38
981,-7556,10324,-11240,-1632,210,-160,0
982,-7344,10112,-11328,-1584,282,-185,60
983,-7560,10368,-11024,-1600,173,-215,31
984,-7380,10264,-11232,-1616,255,-165,47
985,-7348,10120,-11304,-1616,245,-148,0
986,-7376,10264,-11132,-1632,256,-166,-18
987,-7388,10208,-11184,-1616,317,-115,-25
988,-7384,10292,-11168,-1616,224,-138,-21
989,-7428,10340,-10884,-1616,256,-225,-24
990,-7392,10308,-11192,-1616,192,-151,-39
991,-7260,10220,-11180,-1616,172,-176,-94
992,-7520,10348,-11148,-1632,259,-135,-54
993,-7376,10440,-11188,-1632,299,-120,-103
994,-7444,10264,-11032,-1632,214,-124,-35
995,-7444,10284,-11104,-1648,303,-103,-92
996,-7432,10268,-11128,-1632,159,-138,-1
997,-7416,10268,-11152,-1600,260,-210,2
998,-7468,10164,-11012,-1648,164,-208,-50
999,-7448,10372,-11144,-1600,298,-125,-26
1000,-7296,10364,-11092,-1632,301,-100,-46
1001,-7464,10292,-11064,-1616,310,-74,-45
1002,-7384,10344,-11188,-1600,348,1,-69
1003,-7388,10204,-11140,-1616,342,-46,-56
1004,-7432,10400,-11108,-1584,300,-64,-5
1005,-7384,10280,-11076,-1600,293,-89,2
1006,-7324,10252,-10940,-1616,305,-97,-61
1007,-7384,10392,-11052,-1616,310,-125,-42
1008,-7376,10236,-11164,-1632,266,-65,40
1009,-7344,10336,-11140,-1616,264,-90,-26
1010,-7360,10360,-11200,-1616,274,-114,19
1011,-7336,10288,-11108,-1600,228,-172,-20
1012,-7348,10396,-11220,-1616,277,-203,36
1013,-7304,10264,-11080,-1616,212,-197,-39
1014,-7396,10324,-11176,-1616,247,-150,12
1015,-7424,10244,-11048,-1616,317,-200,23
1016,-7380,10396,-11124,-1616,216,-212,-49
1017,-7464,10220,-10936,-1648,240,-276,-56
1018,-7360,10540,-11292,-1584,262,-273,-61
1019,-7540,10220,-11016,-1616,222,-275,-6
1020,-7276,10336,-11184,-1616,259,-212,-31
1021,-7524,10480,-11096,-1584,314,-195,-41
1022,-7348,10348,-11076,-1616,313,-179,-42
1023,-7480,10288,-11004,-1600,355,-194,-25
1024,-7436,10392,-10988,-1632,300,-176,-9
1025,-7484,10340,-11000,-1632,303,-203,-4
1026,-7412,10432,-11004,-1616,327,-208,-4
1027,-7364,10320,-11048,-1584,257,-142,-60
1028,-7448,10296,-11176,-1632,274,-170,-13
1029,-7456,10308,-11016,-1600,319,-107,-15
1030,-7476,10280,-10852,-1600,281,-146,-49
1031,-7364,10320,-11060,-1632,259,-155,-50
1032,-7336,10312,-10912,-1616,306,-159,-43
1033,-7372,10364,-10948,-1632,210,-172,34
1034,-7380,10396,-10956,-1616,241,-179,-39
1035,-7440,10412,-10928,-1632,290,-169,-15
1036,-7480,10428,-10972,-1584,267,-121,-28
1037,-7456,10244,-11156,-1584,258,-115,-4
1038,-7444,10360,-10976,-1616,241,-130,-35
1039,-7444,10476,-10880,-1584,292,-160,-25
1040,-7452,10400,-11072,-1616,275,-197,-5
1041,-7400,10388,-11040,-1616,237,-196,-68
1042,-7464,10448,-11040,-1616,337,-140,-35
1043,-7460,10372,-10980,-1600,296,-116,-79
1044,-7420,10372,-11116,-1600,289,-146,-28
1045,-7396,10288,-10904,-1632,312,-125,-77
1046,-7532,10244,-11108,-1600,303,-159,-55
1047,-7452,10432,-10904,-1584,318,-122,-36
1048,-7468,10260,-10924,-1616,273,-138,-32
1049,-7368,10472,-11096,-1648,274,-118,-61
1050,-7432,10308,-10980,-1616,322,-108,-31
1051,-7508,10340,-11036,-1616,289,-143,-31
1052,-7400,10272,-11040,-1632,261,-124,0
1053,-7600,10388,-10964,-1648,306,-163,-25
1054,-7416,10316,-10888,-1616,317,-173,-70
1055,-7484,10480,-11012,-1600,292,-201,22
1056,-7404,10436,-11132,-1584,290,-154,-14
1057,-7380,10256,-10956,-1632,299,-82,-40
1058,-7480,10372,-10908,-1632,318,-128,-49
1059,-7456,10300,-10988,-1600,267,-89,-60
1060,-7484,10324,-11176,-1632,246,-154,-42
1061,-7424,10252,-10960,-1600,304,-113,-63
1062,-7520,10412,-10868,-1632,241,-101,-44
1063,-7384,10188,-11028,-1632,331,-83,-35
1064,-7248,10336,-10868,-1600,302,-101,-72
1065,-7540,10280,-10980,-1632,315,-67,-38
1066,-7208,10100,-10976,-1600,328,-95,-3
1067,-7508,10368,-11040,-1616,340,-170,-59
1068,-7420,10456,-10936,-1600,219,-227,-4
1069,-7416,10364,-11108,-1616,241,-306,-18
1070,-7464,10356,-10924,-1632,246,-233,-41
1071,-7384,10472,-11096,-1600,265,-214,-49
1072,-7532,10360,-11020,-1632,294,-157,-5
1073,-7400,10416,-11020,-1600,278,-194,-63
1074,-7540,10376,-11032,-1600,271,-203,-12
1075,-7476,10308,-10844,-1632,279,-201,-5
1076,-7456,10468,-10872,-1632,346,-200,0
1077,-7540,10428,-11064,-1600,227,-191,27
1078,-7348,10364,-11016,-1648,297,-121,-32
1079,-7500,10344,-10852,-1632,275,-169,17
1080,-7496,10556,-10968,-1648,274,-132,-34
1081,-7384,10356,-10900,-1632,315,-166,13
1082,-7608,10448,-11040,-1616,333,-124,-28
1083,-7376,10388,-10964,-1600,306,-122,-38
1084,-7504,10364,-10832,-1600,328,-136,-11
1085,-7520,10360,-10936,-1600,304,-194,-7
1086,-7452,10344,-11076,-1600,247,-133,-42
1087,-7444,10392,-11128,-1664,358,-117,-89
1088,-7452,10344,-10844,-1600,301,-155,-58
1089,-7472,10444,-10820,-1616,302,-192,-43
1090,-7512,10392,-10944,-1648,261,-163,-42
1091,-7496,10336,-11032,-1616,324,-151,-51
1092,-7492,10396,-10848,-1632,230,-156,-36
1093,-7492,10360,-10928,-1600,303,-127,-15
1094,-7444,10396,-10940,-1632,261,-181,-46
1095,-7408,10360,-11044,-1632,299,-131,-10
1096,-7452,10320,-10956,-1632,262,-124,-20
1097,-7420,10388,-10952,-1616,329,-113,-60
1098,-7464,10324,-10700,-1616,262,-144,-21
1099,-7528,10432,-10936,-1616,270,-184,-16
1100,-7504,10368,-10920,-1616,285,-165,-45
1101,-7476,10448,-10920,-1632,321,-82,-33
1102,-7444,10428,-10848,-1600,312,-84,-45
1103,-7532,10464,-10948,-1584,305,-132,-2ü
Sample,aX,aY,az,Temp,gX,gY,gz
1,-7612,10544,-10992,-1632,165,-332,-98
2,-7356,10496,-10668,-1584,78,-347,-116
3,-7608,10472,-10776,-1600,154,-225,-78
4,-7656,10576,-10920,-1616,348,-121,-27
5,-7576,10548,-10912,-1632,352,-15,-26
6,-7640,10568,-10808,-1584,371,-14,25
7,-7540,10404,-10820,-1632,440,-24,75
8,-7512,10444,-10812,-1632,459,-148,139
9,-7520,10672,-10812,-1616,469,-62,139
10,-7412,10168,-10864,-1632,509,47,102
11,-7600,10624,-10920,-1632,476,30,199
12,-7504,10356,-11072,-1616,463,142,234
13,-7328,10304,-10960,-1632,426,135,145
14,-7520,10364,-10764,-1632,429,9,134
15,-7396,10540,-10800,-1632,381,-36,120
16,-7404,10356,-10908,-1616,390,-121,104
17,-7436,10404,-10932,-1632,360,-156,61
18,-7408,10412,-10984,-1648,274,-133,42
19,-7328,10544,-10960,-1600,347,-145,22
20,-7392,10388,-11020,-1648,282,-125,-24
21,-7256,10336,-10940,-1600,338,-128,-11
22,-7460,10364,-11008,-1632,243,-136,-33
23,-7332,10460,-10896,-1648,250,-141,-38
24,-7400,10432,-10964,-1632,245,-175,-61
25,-7360,10572,-11060,-1632,219,-167,-75
26,-7336,10428,-10924,-1616,270,-237,-42
27,-7480,10520,-10932,-1632,234,-202,-66
28,-7424,10512,-10896,-1600,276,-112,-43
29,-7356,10416,-11020,-1616,303,-64,-60
30,-7472,10564,-10976,-1600,240,-81,-65
31,-7468,10416,-10928,-1584,314,-96,-38
32,-7400,10428,-11080,-1600,313,-76,-82
33,-7404,10392,-10924,-1600,320,-151,-54
34,-7460,10576,-10864,-1632,278,-173,-11
35,-7392,10512,-11020,-1616,317,-263,-37
36,-7376,10424,-10928,-1600,284,-222,-23
37,-7416,10432,-10944,-1632,282,-216,2
38,-7292,10560,-10880,-1632,290,-195,-28
39,-7268,10412,-11100,-1616,274,-166,2
40,-7368,10508,-10944,-1664,308,-144,11
41,-7336,10368,-11004,-1616,324,-222,-16
42,-7612,10720,-10908,-1600,206,-192,7
43,-7336,10912,-10980,-1616,-376,-138,-119
44,-7468,10252,-11556,-1648,-95,326,-462
45,-7304,11388,-11516,-1632,-82,-63,-784
46,-7696,9800,-10928,-1648,-673,-233,-1359
47,-7508,105